1.543471813201904297e-01
1.828196644783020020e-01
2.608569860458374023e-01
-4.950080998241901398e-03
1.343448758125305176e-01
-2.419097721576690674e-01
-3.249417617917060852e-02
1.028644293546676636e-01
-7.483911514282226562e-02
2.928628027439117432e-02
-6.491305679082870483e-02
9.904246777296066284e-02
1.213456243276596069e-01
-4.161732643842697144e-02
2.742817699909210205e-01
2.449412345886230469e-01
-2.403452098369598389e-01
-2.284723967313766479e-01
2.476069778203964233e-01
-4.884309694170951843e-02
-2.039697468280792236e-01
-2.810902595520019531e-01
-1.074419096112251282e-01
-1.794805079698562622e-01
-5.545222759246826172e-02
-3.057263605296611786e-02
1.116806548088788986e-02
1.449365913867950439e-01
-2.405060082674026489e-01
-2.713648974895477295e-01
-2.783975303173065186e-01
2.400562912225723267e-02
-9.316609799861907959e-02
-2.891119010746479034e-02
1.552079319953918457e-01
-3.061177432537078857e-01
1.489341557025909424e-01
-1.044954285025596619e-01
-2.312871962785720825e-01
-2.969698905944824219e-01
1.527992635965347290e-01
-9.380128234624862671e-02
-1.242757588624954224e-01
-1.023089587688446045e-01
9.648273140192031860e-02
-4.801212996244430542e-02
-2.333257198333740234e-01
2.783083170652389526e-02
1.286211907863616943e-01
1.754755899310112000e-02
6.228170823305845261e-03
2.712805271148681641e-01
-1.008129045367240906e-01
1.999844461679458618e-01
-2.170117497444152832e-01
-3.883745148777961731e-02
5.371292680501937866e-02
1.799698621034622192e-01
5.283778533339500427e-02
-1.140734702348709106e-01
1.093422472476959229e-01
-1.925911009311676025e-01
-1.462981849908828735e-01
-2.466653287410736084e-01
-2.805972006171941757e-03
-3.036560416221618652e-01
2.160512953996658325e-01
-1.176308318972587585e-01
-1.204090714454650879e-01
-1.057478040456771851e-01
-2.138914018869400024e-01
4.194615036249160767e-02
-2.781213819980621338e-01
1.510432362556457520e-01
5.194294452667236328e-02
1.799190044403076172e-01
-2.634572684764862061e-01
1.794061958789825439e-01
2.559956610202789307e-01
-1.552912294864654541e-01
2.315439283847808838e-01
1.208722814917564392e-01
-8.056466281414031982e-02
-2.626420743763446808e-02
-2.098502218723297119e-01
-1.424653530120849609e-01
-8.939658850431442261e-02
-2.919616103172302246e-01
-6.147996522486209869e-03
6.734197586774826050e-02
1.519450843334197998e-01
2.158351242542266846e-01
1.844454407691955566e-01
1.155935376882553101e-01
8.579742163419723511e-02
-9.763947129249572754e-02
-1.057826578617095947e-01
-2.689589187502861023e-02
-1.945663541555404663e-01
2.732914984226226807e-01
-4.314835183322429657e-03
6.867703795433044434e-02
3.006844818592071533e-01
1.080676093697547913e-01
-9.159815311431884766e-02
-2.631773054599761963e-01
-1.218470036983489990e-01
1.383396834135055542e-01
-2.055675089359283447e-01
-2.616690099239349365e-01
-1.083589494228363037e-01
-2.870192751288414001e-02
-8.856141567230224609e-02
-6.805663555860519409e-02
-2.252879142761230469e-01
1.119521856307983398e-01
1.617337018251419067e-01
1.519565284252166748e-01
-1.001759096980094910e-01
1.887240260839462280e-01
-2.185516506433486938e-01
-1.495805084705352783e-01
2.038568258285522461e-01
1.148024126887321472e-01
-2.551133930683135986e-01
3.226231634616851807e-01
-3.128549158573150635e-01
-1.210312843322753906e-01
-2.617275416851043701e-01
-1.271983534097671509e-01
2.409090697765350342e-01
-2.310325056314468384e-01
1.311405450105667114e-01
3.495299071073532104e-02
-2.413291484117507935e-01
-4.448233172297477722e-02
-3.135119080543518066e-01
-2.230092734098434448e-01
-2.149899005889892578e-01
-2.078081965446472168e-01
-2.426016628742218018e-01
8.431548625230789185e-02
3.032696843147277832e-01
-3.120609819889068604e-01
-1.220154389739036560e-02
5.036633834242820740e-02
-6.270007789134979248e-02
-1.183410882949829102e-01
-3.313840925693511963e-02
1.529874950647354126e-01
9.300412982702255249e-02
-1.255587786436080933e-01
1.340741571038961411e-02
-1.883726119995117188e-01
2.631486952304840088e-01
-3.105867505073547363e-01
-3.002562820911407471e-01
1.096299216151237488e-01
-7.204023748636245728e-02
-6.475189328193664551e-02
-7.142477482557296753e-02
2.506084144115447998e-01
5.934307724237442017e-02
-2.559551000595092773e-01
3.011369407176971436e-01
9.487500786781311035e-02
-2.058537900447845459e-01
2.820427715778350830e-01
-2.734032869338989258e-01
2.754407227039337158e-01
5.579777993261814117e-03
-1.697731912136077881e-01
-1.265515014529228210e-02
2.544222176074981689e-01
5.064215045422315598e-03
1.078050956130027771e-01
-1.157772019505500793e-01
-3.036688566207885742e-01
-8.263723552227020264e-02
1.975673884153366089e-01
1.364483684301376343e-01
2.225153148174285889e-02
1.796217113733291626e-01
-7.758900523185729980e-02
1.835295557975769043e-01
-6.408733874559402466e-02
1.263625919818878174e-01
-1.470887660980224609e-01
-2.154369354248046875e-01
1.560398191213607788e-01
-2.558944523334503174e-01
1.914830654859542847e-01
6.815109401941299438e-02
2.899060212075710297e-02
-5.990467593073844910e-02
1.606935709714889526e-01
2.131572365760803223e-01
-1.398562043905258179e-01
3.126204311847686768e-01
-4.195355251431465149e-02
1.881434172391891479e-01
2.275952547788619995e-01
-5.794915556907653809e-02
2.376084588468074799e-02
3.153898417949676514e-01
-3.917867317795753479e-03
2.664973735809326172e-01
-1.288613379001617432e-01
1.415386199951171875e-01
-7.761380076408386230e-02
-2.977408468723297119e-01
2.485324144363403320e-01
2.865402996540069580e-01
-1.761316359043121338e-01
-1.922218501567840576e-01
-7.473275065422058105e-02
-2.877747416496276855e-01
-5.383175238966941833e-02
2.069810181856155396e-01
-2.624509334564208984e-01
8.394689112901687622e-02
3.722542151808738708e-02
5.845912173390388489e-02
-1.703466624021530151e-01
3.108820132911205292e-02
-3.019075989723205566e-01
-4.285787045955657959e-02
6.078190356492996216e-02
-1.054319180548191071e-02
-2.093481272459030151e-01
2.317534014582633972e-02
2.203043997287750244e-01
-2.914759814739227295e-01
-2.587889730930328369e-01
2.504042983055114746e-01
1.819558143615722656e-01
-1.031912714242935181e-01
5.241942591965198517e-03
1.888154000043869019e-01
-7.222843170166015625e-02
2.956531047821044922e-01
2.782058343291282654e-02
8.514810353517532349e-02
-2.503297328948974609e-01
-2.223720401525497437e-01
-5.791382119059562683e-02
-3.106733560562133789e-01
2.125080376863479614e-01
-2.952343821525573730e-01
-2.786637544631958008e-01
-9.722496569156646729e-02
1.569629311561584473e-01
7.407632470130920410e-02
-4.634768515825271606e-02
1.037131994962692261e-01
2.938355505466461182e-01
