-2.797250822186470032e-02
-5.695838481187820435e-02
-3.648110479116439819e-02
-4.838854447007179260e-02
-5.198953300714492798e-02
-1.413983106613159180e-02
3.664455190300941467e-02
1.298995572142302990e-03
2.158770151436328888e-02
-1.199357770383358002e-02
-8.851940743625164032e-03
-5.394963920116424561e-02
-4.843314527533948421e-04
-1.214300654828548431e-02
4.050142690539360046e-02
-1.883645169436931610e-02
-2.277293615043163300e-02
1.360739953815937042e-02
2.801532624289393425e-03
-2.990660071372985840e-02
-4.621938243508338928e-02
2.090002037584781647e-02
-2.737550623714923859e-02
5.350193381309509277e-02
-9.813215583562850952e-03
-5.510120838880538940e-02
4.494676366448402405e-02
3.479073569178581238e-02
-4.135558754205703735e-02
5.049455538392066956e-02
5.915179848670959473e-02
-4.928305372595787048e-02
-4.408869519829750061e-02
1.451567374169826508e-02
4.558913037180900574e-02
-2.006013691425323486e-02
-2.969164215028285980e-02
-3.602327033877372742e-02
-1.336560002528131008e-03
-1.982760429382324219e-02
1.044124551117420197e-02
2.722066454589366913e-02
7.735789753496646881e-03
4.677992686629295349e-02
1.738051697611808777e-02
4.675668105483055115e-02
-6.035119295120239258e-02
1.320589054375886917e-02
7.820761762559413910e-03
-3.691156953573226929e-02
-1.230992283672094345e-02
1.531738881021738052e-02
-3.623768687248229980e-02
-9.945904603227972984e-04
-4.689311981201171875e-02
5.401531606912612915e-02
-2.003177767619490623e-03
3.629928082227706909e-02
-3.430577367544174194e-02
-2.620699442923069000e-02
-3.420679364353418350e-03
7.811246905475854874e-03
-5.970245972275733948e-02
-1.156223379075527191e-02
2.571784332394599915e-02
-4.444402456283569336e-02
5.633706972002983093e-02
-4.669587314128875732e-02
-3.864276921376585960e-03
3.929558023810386658e-02
-5.866030231118202209e-02
-4.593190923333168030e-02
-1.311774831265211105e-02
4.862843826413154602e-02
-5.126185342669487000e-02
-5.064030736684799194e-02
6.450081709772348404e-04
-1.850724802352488041e-04
8.365998975932598114e-03
-1.103715039789676666e-03
2.185251936316490173e-02
6.068759411573410034e-02
-2.421236364170908928e-03
9.518180042505264282e-03
3.952150419354438782e-02
-5.690537393093109131e-02
2.975754626095294952e-02
2.385845780372619629e-02
-1.658890210092067719e-02
5.253005307167768478e-03
4.735520482063293457e-02
2.588588744401931763e-02
2.584228850901126862e-02
1.876287534832954407e-02
2.399395918473601341e-03
-5.352302640676498413e-02
1.426458824425935745e-02
-1.866072788834571838e-02
2.161397039890289307e-02
-4.865300375968217850e-03
-6.038811057806015015e-02
2.895178645849227905e-02
5.823484435677528381e-02
-1.461179740726947784e-02
2.760028466582298279e-02
-1.223380118608474731e-02
-1.073390524834394455e-02
3.826346481218934059e-03
2.847367199137806892e-03
1.821271702647209167e-02
-5.201849713921546936e-02
8.827110752463340759e-03
-5.452549830079078674e-02
5.843724682927131653e-02
-2.882039733231067657e-02
5.764284729957580566e-02
-4.858196526765823364e-02
-6.897062528878450394e-03
2.216615155339241028e-02
-5.472041666507720947e-02
-1.685203611850738525e-02
1.623725518584251404e-02
1.788408309221267700e-02
-2.233633026480674744e-02
-4.450214654207229614e-02
-2.352146059274673462e-02
7.931976579129695892e-03
5.967897363007068634e-03
5.855929106473922729e-02
-3.488016501069068909e-02
4.059505090117454529e-02
4.030309617519378662e-02
1.732380315661430359e-02
2.246059849858283997e-02
-6.463803350925445557e-02
-2.102044783532619476e-02
4.543349891901016235e-02
6.975917145609855652e-03
1.084176730364561081e-02
4.760912805795669556e-02
-3.113546967506408691e-02
2.086668275296688080e-02
4.349190369248390198e-02
2.257820405066013336e-02
-5.855219811201095581e-02
4.823592677712440491e-02
1.265032496303319931e-02
-1.934554800391197205e-02
-1.349357608705759048e-02
4.842581227421760559e-02
-2.923987619578838348e-02
-5.791036784648895264e-02
4.815435409545898438e-02
-1.204192824661731720e-02
3.612036257982254028e-02
1.075950078666210175e-02
8.218492381274700165e-03
-2.776147797703742981e-02
3.690749779343605042e-02
5.462262406945228577e-02
-5.687322095036506653e-02
-5.038047581911087036e-02
4.242904111742973328e-02
-1.976415701210498810e-02
5.069359019398689270e-02
-9.249975904822349548e-03
-1.275441423058509827e-02
-4.722584038972854614e-02
-5.207962915301322937e-02
5.340603739023208618e-02
5.116093531250953674e-02
-3.017825447022914886e-02
-3.591134399175643921e-02
5.966816097497940063e-02
-1.367837563157081604e-02
5.561716109514236450e-02
-2.607534406706690788e-03
-4.767731204628944397e-02
1.783377118408679962e-02
-1.265674247406423092e-03
7.329927291721105576e-03
4.437240958213806152e-02
2.659608377143740654e-03
5.128008127212524414e-02
8.489985950291156769e-03
-3.395776450634002686e-02
-4.124295338988304138e-02
2.997055649757385254e-02
-5.552263185381889343e-02
-5.611770227551460266e-02
-2.084475196897983551e-02
-3.184139356017112732e-02
-2.083827555179595947e-02
2.440698072314262390e-02
3.739050403237342834e-02
3.674251213669776917e-02
-5.074882507324218750e-02
-2.740064822137355804e-02
-3.591030463576316833e-02
-9.886302985250949860e-03
-1.143556088209152222e-02
-2.149101160466670990e-02
4.400274902582168579e-02
5.391608923673629761e-02
-1.702199131250381470e-02
-5.699321255087852478e-02
1.358237955719232559e-02
2.175299264490604401e-02
2.118423767387866974e-02
-4.871288314461708069e-02
-5.518391355872154236e-02
-2.749735303223133087e-02
5.831663683056831360e-02
2.292433753609657288e-02
5.739498138427734375e-02
1.408883649855852127e-02
-5.042167380452156067e-02
-9.641111828386783600e-03
1.020306162536144257e-02
4.099433124065399170e-02
4.705062881112098694e-02
-4.739427939057350159e-02
5.407374817878007889e-03
2.844459936022758484e-02
3.245674073696136475e-02
2.086456492543220520e-02
4.237200319766998291e-02
1.460560690611600876e-02
6.730778142809867859e-03
1.862774975597858429e-02
2.475875243544578552e-02
5.228706821799278259e-02
-4.159287735819816589e-02
-3.518209606409072876e-02
2.637271583080291748e-02
4.017977416515350342e-02
-4.897946864366531372e-02
-5.629014596343040466e-02
6.180071830749511719e-02
-2.732090838253498077e-02
-1.314255781471729279e-02
3.559777513146400452e-02
1.047236379235982895e-02
2.612055465579032898e-02
1.326478738337755203e-02
-3.924419730901718140e-02
-2.887706272304058075e-02
5.014202743768692017e-02
-2.534146606922149658e-02
-1.283336803317070007e-02
5.077010020613670349e-02
-2.337655052542686462e-02
5.755021050572395325e-02
2.586205676198005676e-02
4.726998158730566502e-04
5.129325389862060547e-02
