1.362622343003749847e-02
-1.795160770416259766e-02
-4.016190022230148315e-02
-2.482812851667404175e-03
9.765307186171412468e-04
-6.149463355541229248e-02
-8.463509380817413330e-03
-8.361404761672019958e-04
5.993644148111343384e-02
-5.175004526972770691e-02
-5.827748030424118042e-02
-4.819381982088088989e-02
-4.942969605326652527e-02
5.548755452036857605e-02
1.965763233602046967e-02
-1.463054679334163666e-02
-8.470299653708934784e-03
2.169883064925670624e-02
4.873302578926086426e-02
3.750577196478843689e-02
1.271433196961879730e-02
2.954068826511502266e-03
-4.531995579600334167e-02
5.934974178671836853e-02
-2.282685041427612305e-02
2.089822106063365936e-02
-4.802352562546730042e-02
-6.032863631844520569e-02
-1.765602640807628632e-02
2.681238017976284027e-02
-6.124331802129745483e-02
4.806699603796005249e-02
-6.581179331988096237e-03
-9.632468223571777344e-03
-2.982639521360397339e-02
5.928505212068557739e-02
7.156599778681993484e-03
5.770560726523399353e-02
3.493958339095115662e-02
1.887472346425056458e-02
-9.143355302512645721e-03
-3.510648012161254883e-02
8.230872452259063721e-03
5.028332117944955826e-03
-5.245961993932723999e-02
7.927768863737583160e-03
-3.361099213361740112e-02
5.252118408679962158e-02
3.087668865919113159e-02
-4.586205817759037018e-03
-6.141725555062294006e-02
3.997555933892726898e-03
-4.605014109984040260e-04
2.659310773015022278e-02
1.547143678180873394e-03
4.016017168760299683e-02
-3.665342554450035095e-02
5.992449447512626648e-02
5.365084856748580933e-02
1.321074459701776505e-02
4.479854553937911987e-02
-4.090542718768119812e-02
8.863975293934345245e-03
-3.927665203809738159e-02
-4.362507257610559464e-03
-4.760072752833366394e-02
4.483447968959808350e-02
-2.879892475903034210e-02
-1.666006445884704590e-02
-6.170337647199630737e-02
6.341642141342163086e-02
4.517177864909172058e-02
-6.592688616365194321e-03
1.397401001304388046e-02
-4.666741192340850830e-02
-4.523207619786262512e-02
-5.977282673120498657e-02
4.994966462254524231e-02
-4.674175754189491272e-02
-5.301662534475326538e-02
3.328603878617286682e-02
-2.328617498278617859e-02
6.160536408424377441e-02
5.217915773391723633e-02
-6.394602824002504349e-04
-4.877945408225059509e-02
3.229932487010955811e-02
-2.653335034847259521e-02
-2.847704850137233734e-02
3.128058090806007385e-02
3.149574622511863708e-02
6.561001390218734741e-02
6.242675706744194031e-02
1.286361832171678543e-02
2.895102091133594513e-02
-4.045196995139122009e-02
-4.869809001684188843e-02
1.401444245129823685e-02
1.401569601148366928e-02
6.184508651494979858e-02
5.782903730869293213e-02
5.029866844415664673e-02
-2.043684013187885284e-02
-3.240510448813438416e-02
-1.080013718456029892e-02
5.199205502867698669e-02
3.421910339966416359e-03
3.938908874988555908e-02
1.880363747477531433e-02
6.063283234834671021e-02
-3.398637846112251282e-02
1.492291316390037537e-02
-3.147356957197189331e-02
-3.979399427771568298e-02
3.474531695246696472e-02
3.963658120483160019e-03
2.622570283710956573e-02
4.229766130447387695e-02
3.042480535805225372e-02
2.004679664969444275e-02
3.190606459975242615e-02
2.970853075385093689e-02
5.668258294463157654e-02
1.103736273944377899e-02
4.278158396482467651e-02
1.428462285548448563e-02
-2.123068459331989288e-02
2.653950126841664314e-03
-3.411780297756195068e-02
3.427863866090774536e-02
-5.135145969688892365e-03
-3.716579079627990723e-02
-4.798305779695510864e-02
5.419817753136157990e-04
4.789745062589645386e-02
5.177402496337890625e-02
2.580244280397891998e-02
-2.503444254398345947e-02
-1.714733988046646118e-02
-2.736450918018817902e-02
1.081527303904294968e-02
4.370687156915664673e-02
-1.103089656680822372e-03
-5.030952766537666321e-02
2.182681486010551453e-02
-4.715240374207496643e-02
1.414606813341379166e-02
-4.401480033993721008e-02
-1.877862960100173950e-02
1.347495056688785553e-02
-1.962789706885814667e-02
-4.915058612823486328e-02
3.644493222236633301e-02
-1.675795391201972961e-02
2.128906734287738800e-02
-4.045239835977554321e-02
-4.043919965624809265e-02
-3.254669951274991035e-03
-3.516603261232376099e-02
-1.339120138436555862e-02
-5.156285688281059265e-02
-4.546045884490013123e-02
-4.894283786416053772e-02
8.871204219758510590e-03
4.992793500423431396e-02
-1.818401180207729340e-02
9.524996392428874969e-03
4.990382492542266846e-02
1.763304695487022400e-02
-3.800058364868164062e-02
-4.807274788618087769e-02
-2.664188854396343231e-02
3.400796651840209961e-02
-2.713891491293907166e-02
3.680455964058637619e-03
-5.841558426618576050e-02
-3.111591935157775879e-02
-5.723205208778381348e-02
-4.083890095353126526e-02
5.985549837350845337e-02
2.901276107877492905e-03
-3.310954943299293518e-02
6.203610077500343323e-02
-2.446498349308967590e-02
3.765647113323211670e-02
2.168062701821327209e-02
1.903908140957355499e-02
-1.808767952024936676e-02
-5.674427840858697891e-03
3.306626528501510620e-02
-3.532050643116235733e-03
-5.599579587578773499e-02
8.532622829079627991e-03
-6.309243384748697281e-03
4.193094745278358459e-02
-2.458275854587554932e-02
-8.856781758368015289e-03
-6.765019148588180542e-03
4.753700643777847290e-02
2.817753143608570099e-02
5.322322994470596313e-02
-5.948175117373466492e-02
4.272003471851348877e-02
3.724686801433563232e-02
3.589198738336563110e-02
4.674139618873596191e-02
-3.774214163422584534e-02
-1.786384917795658112e-02
-3.357197716832160950e-02
1.631859131157398224e-02
2.821895852684974670e-02
1.648670178838074207e-03
-2.642438560724258423e-02
-6.199514959007501602e-03
-3.660689294338226318e-02
-2.961361967027187347e-02
4.109231382608413696e-02
3.863748535513877869e-02
8.085343055427074432e-03
-2.838156186044216156e-02
-3.558989241719245911e-02
-4.456543922424316406e-02
1.748847961425781250e-02
3.148850053548812866e-02
1.564442925155162811e-02
-1.050732005387544632e-02
-1.541407406330108643e-02
5.303459241986274719e-02
5.291284993290901184e-02
-7.398577872663736343e-03
5.610137432813644409e-02
7.528779678978025913e-04
-1.462975237518548965e-02
-1.772018894553184509e-02
4.633891955018043518e-02
-4.959404096007347107e-02
2.577291056513786316e-02
-2.311822958290576935e-02
5.542162060737609863e-02
5.664914846420288086e-02
4.957259073853492737e-02
-3.146528825163841248e-02
-4.433828964829444885e-02
-2.000566199421882629e-02
6.145923584699630737e-02
-5.446498095989227295e-02
3.758796304464340210e-02
4.928129911422729492e-02
3.583216667175292969e-02
-2.621882595121860504e-04
-6.182555109262466431e-02
-5.509472452104091644e-03
-6.225970759987831116e-02
2.690627472475171089e-03
-2.126992680132389069e-02
-6.089308112859725952e-02
