5.673163756728172302e-02
-5.316431820392608643e-02
-2.921706810593605042e-02
-4.482673853635787964e-02
4.222482442855834961e-02
-1.874252967536449432e-02
3.481287136673927307e-02
-3.225263208150863647e-02
-2.341280691325664520e-02
1.899331621825695038e-02
-1.872080191969871521e-02
-2.567537687718868256e-02
-4.194822907447814941e-02
4.546423256397247314e-02
4.290894791483879089e-02
5.929718166589736938e-02
-4.200826212763786316e-02
-4.429455474019050598e-02
-6.314983218908309937e-02
-4.493278637528419495e-02
4.593864455819129944e-02
-2.481065504252910614e-02
-3.979700058698654175e-02
4.856135696172714233e-02
-3.403955698013305664e-02
-2.891480922698974609e-03
-5.237606167793273926e-02
-6.534769386053085327e-02
-3.598058130592107773e-03
-5.451261997222900391e-02
1.919893361628055573e-02
5.340332537889480591e-02
2.488882280886173248e-02
-2.037435211241245270e-02
1.086311880499124527e-02
-4.706405103206634521e-03
-2.609399519860744476e-02
-5.418642610311508179e-02
-4.863888397812843323e-02
5.497049167752265930e-02
3.538335673511028290e-03
-1.765814609825611115e-02
-4.612534493207931519e-02
5.136770009994506836e-02
-2.064116857945919037e-02
-4.679817706346511841e-02
-3.835522569715976715e-03
-1.002470776438713074e-02
-2.961466833949089050e-02
-4.149967059493064880e-02
-2.716799639165401459e-02
-2.206730283796787262e-02
-6.848393823020160198e-04
2.543524652719497681e-02
3.671832755208015442e-02
-3.270519152283668518e-02
1.182536780834197998e-02
5.312345176935195923e-02
-2.420876873657107353e-03
4.723664000630378723e-02
-4.156239330768585205e-03
3.905827552080154419e-02
-1.234452612698078156e-02
4.424450546503067017e-02
-3.546468168497085571e-02
2.398020029067993164e-02
1.972796767950057983e-02
3.363699838519096375e-02
4.196698218584060669e-02
4.216692596673965454e-02
-5.657953023910522461e-02
2.950263768434524536e-02
-6.460401415824890137e-02
1.685325987637042999e-02
-3.395907953381538391e-02
4.262010753154754639e-02
-5.132212862372398376e-02
9.886214509606361389e-03
-4.619599506258964539e-02
5.708379670977592468e-02
2.973124943673610687e-02
1.073573622852563858e-02
-4.581089690327644348e-02
-3.094536624848842621e-02
3.261042386293411255e-02
-1.938134431838989258e-02
-1.944242231547832489e-02
5.853743851184844971e-02
2.393431961536407471e-03
3.017091378569602966e-02
-2.692564448807388544e-04
-6.028206273913383484e-02
-3.733015432953834534e-02
-9.736515581607818604e-03
6.106954440474510193e-02
-5.531289055943489075e-02
5.390374734997749329e-02
-1.493857800960540771e-02
-3.404147922992706299e-02
2.236706018447875977e-02
5.220632627606391907e-02
-4.619223996996879578e-02
5.347521603107452393e-02
2.566333301365375519e-02
-1.484936662018299103e-02
-2.294305898249149323e-02
-4.354786872863769531e-02
5.324542871676385403e-04
-2.397480607032775879e-02
4.592188447713851929e-02
6.187227368354797363e-02
-9.178495034575462341e-03
4.958287626504898071e-02
-5.666943732649087906e-03
5.621574074029922485e-02
2.330564148724079132e-02
1.717485301196575165e-02
-1.482200436294078827e-02
-3.931554406881332397e-02
-2.687278576195240021e-02
9.728636592626571655e-03
2.196330949664115906e-02
5.282033234834671021e-02
-4.318613931536674500e-02
-6.057069078087806702e-02
-2.000328712165355682e-02
4.816045612096786499e-02
2.324895374476909637e-02
-1.038627140223979950e-02
5.878556892275810242e-02
2.462824247777462006e-02
-2.973119914531707764e-02
1.081606652587652206e-02
-6.019484996795654297e-02
1.028836891055107117e-02
-2.636644244194030762e-02
-5.359870940446853638e-02
2.051224187016487122e-02
-1.204054523259401321e-02
1.354158669710159302e-02
1.148036215454339981e-02
2.328935451805591583e-02
-5.590342357754707336e-02
5.543118342757225037e-02
-6.229765713214874268e-03
1.134070008993148804e-02
5.302187055349349976e-04
9.861340746283531189e-03
-1.689892448484897614e-02
-5.602247547358274460e-03
-3.608872368931770325e-02
3.151108697056770325e-02
5.404422804713249207e-02
2.806911244988441467e-02
6.251908093690872192e-02
3.086755238473415375e-02
1.974574476480484009e-02
2.197143994271755219e-02
-3.428447060286998749e-03
-5.985121056437492371e-02
-4.393722489476203918e-02
-3.193831071257591248e-02
-2.551759965717792511e-02
-2.444485947489738464e-02
1.195199228823184967e-02
1.447431743144989014e-03
-3.806170076131820679e-02
2.220230363309383392e-02
-3.758150339126586914e-02
-2.656499855220317841e-02
1.533430721610784531e-02
-4.535354301333427429e-02
-5.306848511099815369e-02
-4.504467174410820007e-02
1.555172633379697800e-02
5.990573763847351074e-02
3.254504501819610596e-02
-6.215038150548934937e-02
-4.817093163728713989e-02
9.254219941794872284e-03
4.612419381737709045e-02
-1.492684939876198769e-03
5.655466765165328979e-02
-4.170434921979904175e-02
-3.173279389739036560e-02
5.102032050490379333e-02
-4.223397374153137207e-02
-1.512862928211688995e-02
1.674233376979827881e-02
-1.290343049913644791e-02
5.104703828692436218e-02
1.829183846712112427e-02
-4.772553686052560806e-03
1.427834387868642807e-02
-4.250884801149368286e-02
-4.029217362403869629e-02
1.146591268479824066e-02
2.499667368829250336e-02
-4.268153756856918335e-02
-3.134921938180923462e-02
-4.939512163400650024e-02
3.836430236697196960e-02
-3.092956729233264923e-02
-1.720459386706352234e-02
-2.165292948484420776e-02
3.069164417684078217e-02
-3.434709832072257996e-02
-1.952499151229858398e-02
5.012406781315803528e-02
-9.288741275668144226e-03
-4.116561263799667358e-02
-2.397429384291172028e-02
6.291602551937103271e-02
-4.880081862211227417e-02
6.056017428636550903e-02
-3.983565419912338257e-02
1.783579587936401367e-03
-4.955938085913658142e-02
5.753993242979049683e-02
-3.317698463797569275e-02
5.902439355850219727e-02
-4.664629325270652771e-02
-4.482843796722590923e-04
-5.249498412013053894e-02
3.352200612425804138e-02
-6.043653935194015503e-02
4.481627792119979858e-02
5.636090785264968872e-02
-4.015412926673889160e-02
-2.981131896376609802e-02
5.771523341536521912e-02
-3.250508103519678116e-03
-4.987349733710289001e-02
-1.238585077226161957e-02
-4.482997581362724304e-02
4.003228619694709778e-02
4.594369977712631226e-02
-2.176109887659549713e-02
5.797762796282768250e-02
-3.278208896517753601e-02
6.275027990341186523e-04
5.090409144759178162e-02
5.280287470668554306e-03
-1.899611949920654297e-02
5.649980157613754272e-02
-4.742395132780075073e-02
-5.398937314748764038e-02
5.821857601404190063e-02
1.327747106552124023e-02
-4.030552133917808533e-02
-6.554432911798357964e-04
2.059473888948559761e-03
-1.390818599611520767e-02
3.718836978077888489e-02
-5.442940071225166321e-02
-3.410495584830641747e-03
