-4.399602487683296204e-02
8.320469409227371216e-03
6.203952431678771973e-02
-1.697106845676898956e-02
4.758077487349510193e-02
4.391976445913314819e-02
-2.216345258057117462e-02
-4.597030114382505417e-03
-3.960390388965606689e-02
2.022087760269641876e-02
-2.815562486648559570e-02
-5.046172067523002625e-02
1.767077296972274780e-02
3.136585280299186707e-02
-4.592810571193695068e-02
-5.651170760393142700e-02
3.493973985314369202e-02
2.724394388496875763e-02
4.389864206314086914e-02
-1.206320617347955704e-02
-1.969304122030735016e-02
-2.118565142154693604e-03
2.613360434770584106e-02
-5.004330538213253021e-03
-4.279783368110656738e-02
-9.676543995738029480e-03
-2.514500170946121216e-02
-4.527860134840011597e-02
4.153889417648315430e-02
2.914724638685584068e-03
1.899838447570800781e-02
-4.482003394514322281e-03
6.101773306727409363e-02
4.623339325189590454e-02
-3.288478776812553406e-02
2.041829004883766174e-02
-5.206886678934097290e-02
6.060108914971351624e-02
4.128119722008705139e-02
4.693449661135673523e-02
8.649326860904693604e-03
3.531566262245178223e-02
4.439200460910797119e-02
-4.524144530296325684e-02
-3.125288523733615875e-03
-6.021530367434024811e-03
-1.671572960913181305e-02
-8.646094240248203278e-03
-4.842014238238334656e-02
-5.982929468154907227e-02
2.990916371345520020e-02
-6.174727529287338257e-02
-3.540140390396118164e-02
4.395861551165580750e-02
-3.197969123721122742e-02
-7.328774314373731613e-03
-5.549358204007148743e-02
2.413772605359554291e-02
5.486254766583442688e-02
2.465448901057243347e-02
5.907365679740905762e-02
-2.316915988922119141e-02
-6.260150671005249023e-02
3.322330862283706665e-02
-2.801262028515338898e-02
-1.707587018609046936e-02
1.700274832546710968e-02
-3.856214508414268494e-02
-1.041779574006795883e-02
1.456057280302047729e-02
3.225138038396835327e-02
4.753957316279411316e-02
-9.754295460879802704e-03
-2.685621939599514008e-02
-4.575495421886444092e-02
5.824077408760786057e-03
-5.878983531147241592e-03
5.137632042169570923e-02
3.581383824348449707e-02
1.668894290924072266e-02
-3.241956979036331177e-02
-6.085313856601715088e-02
-4.513851180672645569e-02
1.533548720180988312e-02
1.572883501648902893e-02
-4.889783449470996857e-03
-1.804824173450469971e-02
-2.636169828474521637e-02
-1.454196870326995850e-02
-6.854893639683723450e-03
1.594117283821105957e-02
3.585653752088546753e-02
1.370643079280853271e-02
4.595902562141418457e-02
-5.416005104780197144e-02
-2.015512436628341675e-02
2.137839607894420624e-02
-7.793505676090717316e-03
1.675708591938018799e-02
5.577599629759788513e-02
-1.921283081173896790e-02
-5.552482977509498596e-02
-4.696951806545257568e-02
2.166200429201126099e-02
1.139607653021812439e-02
-3.137307008728384972e-03
4.983039200305938721e-02
8.996644057333469391e-03
3.886418789625167847e-02
-2.366390079259872437e-02
-4.026746377348899841e-02
-2.462116628885269165e-02
5.123099684715270996e-02
5.955900531262159348e-03
-2.634957805275917053e-02
-5.767229944467544556e-02
2.666383795440196991e-02
-2.956811711192131042e-02
-5.843847990036010742e-02
-3.784350678324699402e-02
-4.100186750292778015e-02
-6.066411361098289490e-02
-5.328664183616638184e-02
3.458265960216522217e-02
-5.525907129049301147e-02
-4.283550195395946503e-03
1.392601430416107178e-02
3.278900682926177979e-02
-3.375979512929916382e-02
-3.487030044198036194e-02
5.852849036455154419e-02
4.527650028467178345e-02
3.929814696311950684e-02
5.482549895532429218e-04
-2.116607502102851868e-03
3.440039977431297302e-02
-4.173602163791656494e-02
-4.724373295903205872e-02
4.424212500452995300e-02
-4.993167519569396973e-02
2.105115354061126709e-02
1.698155514895915985e-02
3.164071217179298401e-02
6.348548457026481628e-03
-4.426862671971321106e-02
3.642859682440757751e-02
3.069387935101985931e-02
5.090022459626197815e-02
2.718516625463962555e-02
5.474174767732620239e-02
2.462515421211719513e-02
5.034281685948371887e-02
-2.080351114273071289e-03
-3.809854388236999512e-03
-4.396883025765419006e-02
1.013479544781148434e-03
-2.622757852077484131e-02
6.175569444894790649e-02
-2.410093694925308228e-02
9.531289688311517239e-04
-6.878940854221582413e-03
-3.480665758252143860e-02
4.575201123952865601e-02
-1.006936095654964447e-02
3.630258515477180481e-02
-5.792487412691116333e-02
-6.162868440151214600e-02
3.827976807951927185e-02
-5.217571184039115906e-02
-4.444417357444763184e-02
-1.085936464369297028e-02
-3.965721279382705688e-02
-5.584430322051048279e-02
-3.837379813194274902e-02
2.475156914442777634e-03
1.638022437691688538e-02
2.076857909560203552e-02
4.432697594165802002e-02
2.139890566468238831e-02
-4.808104410767555237e-02
-5.133038386702537537e-02
-1.758982241153717041e-02
-5.352807417511940002e-02
5.760379135608673096e-03
-4.850404709577560425e-02
1.810883358120918274e-02
4.554573073983192444e-02
5.439969524741172791e-02
-5.913375690579414368e-02
5.018882453441619873e-02
-2.573810517787933350e-02
4.120406880974769592e-02
2.937489561736583710e-02
1.148631796240806580e-02
-3.244682215154170990e-03
3.591957688331604004e-02
-6.181828677654266357e-03
-4.335246235132217407e-02
-2.201151847839355469e-02
4.469696804881095886e-02
-4.219715669751167297e-02
2.648880332708358765e-02
5.592566356062889099e-02
2.654167125001549721e-03
2.933577448129653931e-02
6.244515627622604370e-02
-2.778682298958301544e-02
4.679857566952705383e-02
5.413728579878807068e-02
2.021935768425464630e-02
-1.000805012881755829e-02
2.031106874346733093e-02
-3.419834002852439880e-02
2.323567494750022888e-02
-5.979560315608978271e-02
-3.737948462367057800e-02
2.130631916224956512e-02
-3.597753867506980896e-02
4.528785869479179382e-02
2.188812009990215302e-02
3.735454380512237549e-02
-1.184090878814458847e-02
-6.840775255113840103e-03
-6.139585748314857483e-02
-8.743099868297576904e-03
2.885461412370204926e-02
2.840705960988998413e-02
-3.423927351832389832e-02
4.898395389318466187e-02
3.375805541872978210e-02
5.984832718968391418e-02
-1.428902149200439453e-02
3.794532641768455505e-02
-5.530726164579391479e-02
2.836525440216064453e-02
-4.733551293611526489e-02
-2.446711063385009766e-02
-2.354424633085727692e-02
5.896877869963645935e-02
1.037272065877914429e-02
-3.933161497116088867e-02
6.528205703943967819e-03
7.374793291091918945e-03
-8.675907738506793976e-03
3.822267055511474609e-03
3.230586647987365723e-02
-2.399810217320919037e-02
5.342767760157585144e-02
6.139355152845382690e-02
2.554360777139663696e-02
-2.459481358528137207e-02
1.685998216271400452e-02
1.757956668734550476e-02
4.201844334602355957e-02
-5.137054622173309326e-02
-5.319210141897201538e-02
