2.269631996750831604e-02
-2.123761922121047974e-02
5.047798901796340942e-02
-2.044283598661422729e-02
8.532146923243999481e-03
4.280585795640945435e-02
3.187750000506639481e-03
1.463757734745740891e-02
-3.005975484848022461e-02
-4.109668731689453125e-02
2.209476660937070847e-03
5.308764800429344177e-02
-2.276077494025230408e-02
-3.991574048995971680e-02
-4.818028211593627930e-02
-1.981400698423385620e-02
-5.556645244359970093e-02
8.789956918917596340e-04
-2.050372213125228882e-02
-4.949796944856643677e-02
3.877006843686103821e-02
-3.820781037211418152e-02
5.279035866260528564e-02
5.626208707690238953e-02
-9.080407908186316490e-04
2.049367129802703857e-02
-5.585028603672981262e-02
-3.793469443917274475e-02
-5.004732869565486908e-03
2.117125689983367920e-02
-5.287734791636466980e-02
2.377333305776119232e-02
1.392237190157175064e-02
6.038229167461395264e-02
-6.157867610454559326e-03
-2.832574211061000824e-02
-4.724854975938796997e-02
1.343043707311153412e-02
3.698824718594551086e-02
2.393126487731933594e-02
-2.007886767387390137e-03
-4.546806216239929199e-02
2.921376749873161316e-02
-5.977491289377212524e-02
2.412547916173934937e-02
-5.113787949085235596e-02
-3.270262479782104492e-02
5.393248517066240311e-03
-1.466579828411340714e-02
1.080224849283695221e-02
3.332869336009025574e-02
5.528284236788749695e-02
5.047152191400527954e-02
6.249012798070907593e-02
5.065039917826652527e-02
-3.111837804317474365e-02
5.006051808595657349e-02
-3.857070987578481436e-04
3.286660462617874146e-02
-4.504763707518577576e-02
3.985576331615447998e-03
-4.196790978312492371e-02
2.651363611221313477e-03
-5.740451440215110779e-02
-2.700048871338367462e-02
3.554251044988632202e-02
6.147028505802154541e-02
4.123974591493606567e-02
-4.488011449575424194e-02
4.954167641699314117e-03
6.251861900091171265e-02
1.199166476726531982e-02
-2.233150973916053772e-02
-6.050912290811538696e-02
2.079781889915466309e-02
-2.948774769902229309e-02
-1.996664702892303467e-02
4.646355658769607544e-02
4.452648386359214783e-02
6.242289021611213684e-02
-3.018110804259777069e-02
-4.636094719171524048e-02
-3.011642023921012878e-02
5.173776671290397644e-02
3.843729570508003235e-02
3.285411745309829712e-02
2.948190830647945404e-02
-5.429095029830932617e-02
-2.278921753168106079e-02
-1.257289946079254150e-02
-4.980957880616188049e-02
-6.781311822123825550e-04
-3.075781464576721191e-02
-3.621326386928558350e-02
-1.225512195378541946e-02
-5.414347350597381592e-02
-2.288192044943571091e-03
-3.813977539539337158e-02
5.454896483570337296e-03
-6.220179796218872070e-02
-1.428522076457738876e-02
4.697905480861663818e-02
5.804570764303207397e-02
-4.250418767333030701e-02
-4.179053753614425659e-02
4.758563637733459473e-02
-1.658454537391662598e-02
-4.958979785442352295e-02
3.533886373043060303e-02
-2.337700501084327698e-02
-5.495230201631784439e-03
-1.729520224034786224e-02
3.272566944360733032e-02
-5.150971561670303345e-02
2.444120496511459351e-02
1.142035052180290222e-02
2.463463507592678070e-02
-1.475718338042497635e-02
3.267768770456314087e-02
1.637628767639398575e-03
-3.825894370675086975e-02
-5.070258677005767822e-02
-1.860161125659942627e-02
-4.437402635812759399e-02
-1.654129824601113796e-03
-1.438302267342805862e-02
-4.977849125862121582e-02
-4.517806693911552429e-02
-6.039150524884462357e-03
-1.895081251859664917e-02
5.924522876739501953e-02
-5.162278190255165100e-02
-5.378624424338340759e-02
-5.804386734962463379e-02
4.337647184729576111e-02
-2.236617961898446083e-03
-3.488454222679138184e-02
2.326950430870056152e-03
-5.880459025502204895e-02
2.481290139257907867e-02
1.584119349718093872e-02
-3.350868821144104004e-02
-4.511485807597637177e-03
6.103402376174926758e-02
-4.060042649507522583e-02
-2.282426133751869202e-02
-9.190119802951812744e-03
3.455407172441482544e-02
5.447085946798324585e-03
-2.578410878777503967e-02
4.454869404435157776e-02
-1.150092482566833496e-02
4.201800096780061722e-03
-3.662497177720069885e-02
3.714830800890922546e-02
-4.519417881965637207e-02
5.325869470834732056e-02
-5.187087133526802063e-02
4.204797744750976562e-02
1.606702245771884918e-02
-2.195002697408199310e-02
-5.233527719974517822e-02
2.208392508327960968e-02
3.694647550582885742e-02
-1.741027645766735077e-02
1.042006257921457291e-02
1.634244807064533234e-02
-4.597957432270050049e-02
2.990488149225711823e-02
6.237154081463813782e-02
-5.233565345406532288e-02
5.798953399062156677e-02
1.151574123650789261e-02
-2.517946250736713409e-02
-4.745157808065414429e-02
6.164364889264106750e-02
-3.239925205707550049e-02
-3.234528005123138428e-02
-4.236680269241333008e-02
-5.682379379868507385e-02
1.761170104146003723e-02
-2.210418879985809326e-02
2.735100453719496727e-03
2.910071425139904022e-02
-2.394438907504081726e-02
-2.681811898946762085e-02
2.278855070471763611e-02
-4.067882895469665527e-02
5.347364023327827454e-02
5.078873038291931152e-02
3.682895749807357788e-02
1.544542424380779266e-02
-5.857565626502037048e-02
-5.139413103461265564e-02
-8.999004960060119629e-03
1.897339522838592529e-02
-4.676513001322746277e-02
7.915591821074485779e-03
3.718122094869613647e-02
1.371704414486885071e-02
-1.083389017730951309e-02
3.119218535721302032e-02
5.381751805543899536e-02
-3.845219314098358154e-02
5.560372397303581238e-02
3.431677073240280151e-02
4.485195130109786987e-02
-2.935621701180934906e-02
-3.348784893751144409e-02
-4.734200984239578247e-02
4.480272158980369568e-02
1.692695729434490204e-02
-4.269707202911376953e-02
1.725738123059272766e-02
1.510452479124069214e-02
2.895999699831008911e-02
3.588285669684410095e-02
4.508581385016441345e-02
1.891460083425045013e-02
-1.732040196657180786e-02
-3.711730241775512695e-02
8.944502915255725384e-04
2.965199388563632965e-02
3.081681951880455017e-02
-5.695846304297447205e-02
4.495191946625709534e-02
-4.210766404867172241e-02
3.416199982166290283e-02
-3.911608830094337463e-02
1.973223406821489334e-03
-3.006582707166671753e-02
3.428413346409797668e-02
5.743920058012008667e-02
-3.212466835975646973e-04
5.442399159073829651e-02
1.993406377732753754e-02
-2.234189212322235107e-02
4.833385348320007324e-02
4.906944930553436279e-02
1.008105650544166565e-02
4.964834544807672501e-03
1.553457323461771011e-02
1.917422935366630554e-02
-4.478578269481658936e-02
2.496750093996524811e-02
3.278170526027679443e-02
-2.395952492952346802e-02
3.856863453984260559e-02
-8.689937181770801544e-03
-4.154135286808013916e-02
2.003047429025173187e-02
-1.983737014234066010e-02
-5.271966755390167236e-02
7.845282554626464844e-03
-1.390094216912984848e-02
-3.413378726691007614e-03
