-3.202793002128601074e-02
2.086104359477758408e-03
-1.187835168093442917e-02
3.453061357140541077e-02
-3.279829397797584534e-02
-6.230676919221878052e-02
-3.492257371544837952e-02
5.026276782155036926e-02
5.455548688769340515e-02
4.907849710434675217e-03
-9.282290935516357422e-03
4.177511483430862427e-02
-2.049628831446170807e-02
3.685761988162994385e-02
6.880448199808597565e-03
-2.074166759848594666e-02
-3.952565789222717285e-02
1.442490518093109131e-02
-2.030297368764877319e-02
-2.952750213444232941e-02
-5.746609345078468323e-02
3.754172846674919128e-02
4.912263900041580200e-02
5.312077328562736511e-02
3.528223931789398193e-02
-8.215091191232204437e-03
-5.924470722675323486e-02
2.907400391995906830e-02
-4.074962064623832703e-02
5.739748012274503708e-03
-3.943822905421257019e-02
3.159836679697036743e-02
5.259969085454940796e-02
-5.251779407262802124e-02
-4.327271133661270142e-02
5.972611252218484879e-03
5.082236975431442261e-02
3.521512076258659363e-02
5.844145640730857849e-02
5.510754510760307312e-02
-5.786538496613502502e-02
-5.617416277527809143e-02
-5.402201786637306213e-02
5.647885799407958984e-02
1.125217508524656296e-02
-3.741931542754173279e-02
-5.053146556019783020e-02
-4.788304865360260010e-02
-1.110374182462692261e-02
-5.347999185323715210e-02
-1.986534893512725830e-02
-5.515259131789207458e-02
3.759027272462844849e-02
3.950890153646469116e-02
5.467500910162925720e-02
2.019707672297954559e-02
6.231774017214775085e-02
3.699881210923194885e-02
3.296433389186859131e-02
-4.064826294779777527e-02
-5.450235307216644287e-02
-1.027146261185407639e-02
-1.612758077681064606e-02
3.739101067185401917e-02
-1.542304549366235733e-02
-5.194490402936935425e-02
-2.723154425621032715e-02
3.650768846273422241e-02
3.443231061100959778e-02
-4.403180629014968872e-02
5.490597710013389587e-02
4.798911046236753464e-03
-4.609362035989761353e-02
-3.028893470764160156e-02
-2.880468219518661499e-02
-5.812338739633560181e-02
7.105982396751642227e-03
9.481173940002918243e-03
2.507141232490539551e-02
6.215690169483423233e-03
6.038324907422065735e-02
3.123514167964458466e-02
-5.845125392079353333e-02
-2.301590703427791595e-02
-5.913920700550079346e-02
3.791412338614463806e-02
-1.498087123036384583e-02
-3.136689483653753996e-04
5.802632868289947510e-02
-2.594579756259918213e-02
1.627218164503574371e-02
2.151366509497165680e-02
5.628618970513343811e-02
-2.792178094387054443e-02
-2.345630154013633728e-02
3.057711012661457062e-02
2.355751954019069672e-02
-5.160779505968093872e-02
4.920301213860511780e-02
-1.592673920094966888e-02
4.160144925117492676e-02
1.878106594085693359e-02
-5.962827429175376892e-02
5.571756884455680847e-02
5.097105726599693298e-02
4.500540904700756073e-03
4.219446331262588501e-02
5.317581072449684143e-02
-5.356666818261146545e-02
6.201756373047828674e-02
1.655885763466358185e-02
-5.606217309832572937e-02
1.860711723566055298e-03
4.579040780663490295e-02
5.071398243308067322e-02
2.612580358982086182e-02
1.215083757415413857e-03
-3.768391907215118408e-03
-1.602632738649845123e-02
-2.962858416140079498e-02
5.545818433165550232e-02
2.887009270489215851e-02
5.281982477754354477e-03
-5.216449033468961716e-03
3.897232562303543091e-02
-2.593831531703472137e-02
6.048776209354400635e-02
7.493635639548301697e-03
1.094738952815532684e-02
3.750789538025856018e-02
-3.921686857938766479e-02
-2.738546952605247498e-02
6.194388493895530701e-02
5.094874650239944458e-02
-4.368284344673156738e-02
-3.661997988820075989e-02
1.054477505385875702e-02
-1.152227725833654404e-02
3.158587589859962463e-02
4.495493695139884949e-02
1.944574527442455292e-02
-1.291525084525346756e-02
5.813955888152122498e-02
1.766764745116233826e-02
-3.896832093596458435e-02
2.497593313455581665e-02
-1.976112276315689087e-02
-1.232320722192525864e-02
2.694883011281490326e-02
-1.243856456130743027e-02
2.569965785369277000e-03
-4.065462574362754822e-02
-1.689979434013366699e-02
3.403927013278007507e-02
-1.500546187162399292e-02
6.034367531538009644e-02
-4.055347293615341187e-02
1.614364422857761383e-02
-1.539919897913932800e-02
-2.442608028650283813e-02
5.846907850354909897e-03
-1.198623608797788620e-02
2.572647109627723694e-02
-4.283676296472549438e-02
-4.934931546449661255e-02
2.154857665300369263e-02
2.517169713973999023e-02
-5.536857992410659790e-02
-5.574737489223480225e-02
8.355804719030857086e-03
3.912391141057014465e-02
-2.530615404248237610e-02
1.833982206881046295e-02
-5.214811116456985474e-02
4.824082925915718079e-02
3.176123648881912231e-02
4.686787724494934082e-02
5.371273681521415710e-02
-3.816301375627517700e-02
-2.934330701828002930e-02
5.242396518588066101e-02
3.656606376171112061e-02
7.030318491160869598e-03
9.733676910400390625e-03
2.557107806205749512e-02
-1.472112536430358887e-02
2.017856948077678680e-02
2.228072658181190491e-02
-1.275504659861326218e-02
-5.280524492263793945e-02
-1.035259850323200226e-02
1.651712809689342976e-03
-2.562092058360576630e-02
-1.730158179998397827e-02
4.186282306909561157e-02
3.019645065069198608e-02
-4.602016136050224304e-02
-3.138840198516845703e-03
-4.037297889590263367e-02
2.365276589989662170e-02
3.083106502890586853e-02
-6.072377413511276245e-02
-3.125931322574615479e-02
-8.990761823952198029e-03
4.073787853121757507e-02
-2.149651385843753815e-02
-3.410533815622329712e-02
4.607844725251197815e-02
4.047817736864089966e-02
2.995251677930355072e-02
-2.172851189970970154e-02
-5.783171951770782471e-02
3.111354308202862740e-03
-5.267210677266120911e-02
6.119412183761596680e-02
4.663446918129920959e-02
3.935404121875762939e-02
-3.471959382295608521e-02
-1.560782082378864288e-02
1.485639065504074097e-02
-1.453956123441457748e-02
5.491709709167480469e-02
5.613909661769866943e-02
-1.581625826656818390e-02
-4.687067121267318726e-02
1.210456248372793198e-02
-4.841780662536621094e-02
-1.370197534561157227e-02
2.462700940668582916e-02
-4.958726093173027039e-02
-4.844407364726066589e-02
-4.044882953166961670e-02
-5.379194766283035278e-02
-2.999536320567131042e-02
1.546173822134733200e-02
-2.779384702444076538e-02
-1.823823899030685425e-02
-5.376855656504631042e-02
-4.244662076234817505e-02
-3.108291700482368469e-02
-3.328650444746017456e-02
-3.019557893276214600e-02
6.255499273538589478e-02
-1.582018285989761353e-02
-3.133209422230720520e-02
8.177430368959903717e-03
1.415462512522935867e-02
5.637631192803382874e-02
-2.279654704034328461e-02
-3.905820101499557495e-02
-5.797577649354934692e-02
-8.375397883355617523e-03
3.239064291119575500e-02
5.319757387042045593e-02
-2.852217666804790497e-02
3.694521635770797729e-02
