-1.717853918671607971e-02
-5.499466881155967712e-02
-1.150602358393371105e-03
2.348392270505428314e-02
-9.692369028925895691e-03
1.441366039216518402e-02
6.113508716225624084e-02
-1.071683969348669052e-02
2.655119635164737701e-02
-5.498856306076049805e-02
5.809447914361953735e-02
2.055595815181732178e-02
-3.173018246889114380e-02
-1.086447015404701233e-02
-5.363684147596359253e-02
-1.530223153531551361e-02
-1.958497799932956696e-02
2.472782507538795471e-04
4.357730969786643982e-02
2.290665730834007263e-02
-4.647446051239967346e-02
5.907412990927696228e-02
-1.084881089627742767e-02
-5.359113216400146484e-02
8.558773435652256012e-03
4.141309857368469238e-02
4.942329227924346924e-02
-4.585537314414978027e-02
4.116433113813400269e-02
-3.484676778316497803e-02
-4.490287229418754578e-02
2.694238908588886261e-02
5.849519511684775352e-04
2.461826801300048828e-02
6.038343161344528198e-02
-2.131775021553039551e-03
4.224073141813278198e-02
6.204643473029136658e-02
6.260496377944946289e-02
6.212748959660530090e-02
-4.299825429916381836e-02
-3.246445208787918091e-02
6.220083683729171753e-02
5.047431588172912598e-02
-1.180356182157993317e-02
4.773867875337600708e-02
4.746207967400550842e-02
3.083659522235393524e-02
-1.810345239937305450e-02
-6.035283207893371582e-02
-5.700826644897460938e-02
2.341593801975250244e-02
4.265003651380538940e-02
-1.704905927181243896e-02
4.848555102944374084e-02
1.534213428385555744e-03
4.735787585377693176e-02
5.872962623834609985e-02
-1.963479630649089813e-02
5.799406021833419800e-02
-1.262306515127420425e-02
-1.662642695009708405e-02
-3.237082809209823608e-02
-4.632232710719108582e-02
5.428824946284294128e-02
-3.590165823698043823e-02
-3.671990707516670227e-02
1.146383956074714661e-02
-2.256740629673004150e-02
-4.874709248542785645e-02
-2.413824014365673065e-02
-5.557851865887641907e-02
-2.188465557992458344e-02
-3.632958233356475830e-02
1.055292319506406784e-02
4.296025633811950684e-02
5.268859863281250000e-02
4.669290035963058472e-02
-2.621607296168804169e-02
-1.541515812277793884e-02
-1.829294301569461823e-02
5.701903253793716431e-02
1.327164564281702042e-02
1.658698311075568199e-04
3.345156461000442505e-02
4.142267256975173950e-02
1.528333965688943863e-02
-3.189891576766967773e-02
-4.244332388043403625e-02
-2.914157509803771973e-02
4.570892825722694397e-02
-2.660234831273555756e-02
-6.106213480234146118e-02
-6.023062765598297119e-02
-3.530817478895187378e-02
-2.789177745580673218e-02
5.731545761227607727e-02
1.980702951550483704e-02
-5.482674576342105865e-03
-6.206031888723373413e-02
1.269632484763860703e-02
-1.412471849471330643e-02
6.507030222564935684e-03
-1.196844875812530518e-02
-1.315996609628200531e-02
4.034503654111176729e-04
3.554400801658630371e-02
-4.389211535453796387e-02
1.550455461256206036e-03
1.433720439672470093e-02
3.766941651701927185e-02
1.171518117189407349e-02
-6.122128665447235107e-02
-6.106436997652053833e-02
-2.772148326039314270e-02
-3.747535496950149536e-02
-8.439065888524055481e-03
4.955252259969711304e-02
-2.532280236482620239e-02
2.888603694736957550e-02
-2.262045443058013916e-02
5.394356325268745422e-02
4.254513978958129883e-02
3.538609296083450317e-02
-4.772055894136428833e-02
2.803591452538967133e-02
-3.178022056818008423e-02
5.474112555384635925e-02
-3.189692646265029907e-02
3.100050799548625946e-02
4.876182600855827332e-02
4.514744970947504044e-03
4.111925512552261353e-02
5.027377232909202576e-02
-2.625575661659240723e-02
-4.189912229776382446e-03
-1.446449477225542068e-02
-6.306556519120931625e-03
-5.945504456758499146e-02
9.972051717340946198e-03
1.163769513368606567e-03
-6.089055538177490234e-02
5.308719351887702942e-02
-5.401393026113510132e-02
1.041747070848941803e-02
4.400015622377395630e-02
3.527889400720596313e-02
3.085019998252391815e-02
-1.293087378144264221e-02
-4.218937456607818604e-02
3.043471369892358780e-03
-4.690166562795639038e-02
-5.506508797407150269e-02
5.877415090799331665e-02
3.929553180932998657e-02
5.072414129972457886e-02
3.367925062775611877e-02
-5.375269427895545959e-02
5.815187469124794006e-02
4.059623926877975464e-02
2.096675895154476166e-02
3.188638389110565186e-02
2.293488010764122009e-02
2.807621099054813385e-02
-5.599137395620346069e-02
6.123201176524162292e-02
2.397187799215316772e-02
1.849866844713687897e-02
-3.234855085611343384e-02
-2.281828783452510834e-02
2.340516820549964905e-02
-5.471446365118026733e-02
-1.325624436140060425e-02
2.837412059307098389e-03
3.568170219659805298e-02
2.226486988365650177e-02
3.673235699534416199e-02
-6.719394773244857788e-02
-4.712386429309844971e-02
-2.919077128171920776e-02
-5.045744404196739197e-02
2.175941318273544312e-02
5.980196222662925720e-02
5.591547489166259766e-02
-1.523196138441562653e-02
1.614908687770366669e-03
5.862759798765182495e-02
-1.821928657591342926e-02
-1.434366567991673946e-03
-4.802611842751502991e-02
4.067644476890563965e-02
2.067914977669715881e-02
-7.280102465301752090e-03
6.223649717867374420e-03
5.293386057019233704e-02
-4.162769392132759094e-02
7.492092438042163849e-03
5.747367441654205322e-02
1.118461694568395615e-02
3.804416581988334656e-02
-2.013203129172325134e-02
1.761428453028202057e-02
-4.193755984306335449e-02
3.251813724637031555e-02
4.284994676709175110e-02
3.267715498805046082e-02
1.360904541797935963e-03
1.445621065795421600e-02
5.644067004323005676e-02
5.219820886850357056e-03
-3.105614893138408661e-02
6.346599757671356201e-02
-9.463232941925525665e-03
-6.049411743879318237e-02
4.528088122606277466e-02
-4.184789210557937622e-02
5.967074260115623474e-02
2.695254608988761902e-02
-5.980640277266502380e-02
-3.492989763617515564e-02
2.469234541058540344e-02
-4.033161699771881104e-02
-5.142110213637351990e-02
4.327314719557762146e-02
4.684123024344444275e-02
-2.602785825729370117e-02
3.845280408859252930e-02
-1.719457842409610748e-02
2.825893461704254150e-02
-2.040038630366325378e-02
-3.219832479953765869e-02
6.405662745237350464e-03
2.763171121478080750e-02
1.603036373853683472e-02
-2.267541736364364624e-02
7.550263311713933945e-03
-2.249786257743835449e-02
2.912490442395210266e-02
4.761303961277008057e-02
-5.230060219764709473e-02
-3.919392079114913940e-02
2.709322236478328705e-02
-5.709340423345565796e-02
3.900749981403350830e-02
-1.350943185389041901e-02
-1.308621652424335480e-02
4.832286760210990906e-02
-2.078812196850776672e-02
3.981060162186622620e-02
4.372327029705047607e-02
-3.803126513957977295e-02
1.512344274669885635e-02
-5.049246177077293396e-02
-5.014102905988693237e-02
-5.257578939199447632e-02
4.987697303295135498e-02
