-1.604248955845832825e-02 -1.005506515502929688e-01 -1.375237852334976196e-01 5.228518322110176086e-02 -2.504168152809143066e-01 -1.371329575777053833e-01 -3.016500174999237061e-01 9.232952445745468140e-02 -8.843379467725753784e-02 -1.014420464634895325e-01
1.324738860130310059e-01 1.888067424297332764e-01 2.027689963579177856e-01 -2.731666564941406250e-01 -1.843102723360061646e-01 1.391694992780685425e-01 -2.073611617088317871e-01 -2.500798106193542480e-01 3.733487129211425781e-01 -1.446066796779632568e-02
-2.490616738796234131e-01 -1.945129334926605225e-01 1.267660260200500488e-01 -4.695986956357955933e-02 -3.110692799091339111e-01 6.690023094415664673e-02 -1.864341944456100464e-01 3.712424337863922119e-01 2.545691132545471191e-01 -2.577927708625793457e-01
7.398120313882827759e-02 8.931623399257659912e-02 2.720663547515869141e-01 8.807561546564102173e-02 8.773802220821380615e-02 -4.101846739649772644e-02 -2.492218464612960815e-01 2.033361494541168213e-01 2.231667488813400269e-01 -2.275961637496948242e-01
2.493767738342285156e-01 1.388602852821350098e-01 -2.508390247821807861e-01 -1.335082799196243286e-01 1.526468992233276367e-01 1.200752705335617065e-01 -1.713660508394241333e-01 -1.008610427379608154e-01 5.820631608366966248e-02 -3.049789369106292725e-01
-9.470475465059280396e-02 -7.249326258897781372e-02 -7.593195140361785889e-02 -1.494057010859251022e-02 2.416966706514358521e-01 -2.592743933200836182e-01 2.449052780866622925e-01 -3.125860542058944702e-02 3.044979572296142578e-01 2.455402612686157227e-01
8.341106772422790527e-02 -2.351699173450469971e-01 1.573084592819213867e-01 7.564757764339447021e-02 1.211870536208152771e-01 2.045051380991935730e-02 3.438970074057579041e-02 1.419150084257125854e-01 1.084533184766769409e-01 1.242748275399208069e-01
-1.482233703136444092e-01 2.027545124292373657e-01 9.309995174407958984e-02 9.624087810516357422e-02 7.611025124788284302e-02 6.520683318376541138e-02 2.720836699008941650e-01 -1.894448697566986084e-01 -1.777993887662887573e-01 -2.350665032863616943e-01
3.453910350799560547e-02 -1.209174692630767822e-01 -2.895177304744720459e-01 2.874410748481750488e-01 -9.625516086816787720e-02 3.035342991352081299e-01 6.966822780668735504e-03 1.886471956968307495e-01 1.939442604780197144e-01 3.628677129745483398e-01
-1.462936550378799438e-01 2.350610345602035522e-01 1.970229893922805786e-01 -1.444368660449981689e-01 -1.800542324781417847e-01 4.738010466098785400e-02 1.765966862440109253e-01 2.485869228839874268e-01 -5.719812586903572083e-02 1.787945069372653961e-02
-9.718304872512817383e-02 9.044975787401199341e-02 -2.007927000522613525e-01 -5.591735988855361938e-02 -2.109253779053688049e-02 2.550944685935974121e-01 1.945435553789138794e-01 2.076313644647598267e-01 -5.963032692670822144e-02 3.469687104225158691e-01
-1.524595264345407486e-02 -3.541090758517384529e-03 -1.301757544279098511e-01 -2.803620994091033936e-01 -1.640653759241104126e-01 -2.618592381477355957e-01 7.880387455224990845e-02 -1.822479963302612305e-01 -2.069269269704818726e-01 4.851151630282402039e-02
1.457587182521820068e-01 -2.128134518861770630e-01 6.615340244024991989e-03 -1.650287359952926636e-01 1.052670925855636597e-01 -7.373081892728805542e-02 -2.798459231853485107e-01 -2.901985347270965576e-01 3.004517406225204468e-02 2.564707696437835693e-01
-1.626273803412914276e-02 -2.010422796010971069e-01 -1.532918512821197510e-01 2.024394869804382324e-01 -1.553222537040710449e-01 1.713498085737228394e-01 5.047893524169921875e-02 -7.265179604291915894e-02 3.669025376439094543e-02 1.413471847772598267e-01
-6.441057473421096802e-02 9.446182101964950562e-02 -2.369496822357177734e-01 -9.383832663297653198e-02 -1.116266697645187378e-01 -2.013850212097167969e-01 1.874651163816452026e-01 7.770756632089614868e-02 1.620338410139083862e-01 -3.015213906764984131e-01
9.370395541191101074e-02 4.838381335139274597e-02 3.040903806686401367e-01 -2.977007627487182617e-01 7.923223078250885010e-02 3.175364434719085693e-02 -2.847256958484649658e-01 1.423061043024063110e-01 2.710582911968231201e-01 -7.229742407798767090e-02
-1.303484141826629639e-01 -1.203415095806121826e-01 -6.173125654458999634e-02 -1.592599600553512573e-01 3.609744086861610413e-02 3.054111599922180176e-01 2.733084261417388916e-01 -2.345714420080184937e-01 1.333749741315841675e-01 3.162164092063903809e-01
2.784525752067565918e-01 2.109384983777999878e-01 2.932579815387725830e-01 -8.050507307052612305e-02 6.037198752164840698e-02 2.149370312690734863e-01 1.492699980735778809e-01 3.759731054306030273e-01 2.880709767341613770e-01 -1.401904672384262085e-01
-7.148380577564239502e-02 -1.451993882656097412e-01 1.881372369825839996e-02 -1.489412188529968262e-01 -2.215365320444107056e-02 8.177645504474639893e-02 2.531664967536926270e-01 -1.321023106575012207e-01 2.023795060813426971e-02 -3.416845798492431641e-01
1.244518682360649109e-01 -2.560419775545597076e-02 6.828117370605468750e-02 -1.194690018892288208e-01 1.798269599676132202e-01 -2.861543297767639160e-01 4.855060949921607971e-02 -3.530986309051513672e-01 -3.203185796737670898e-01 -2.283015102148056030e-01
2.063765376806259155e-01 2.254440486431121826e-01 -2.741430699825286865e-01 -2.640000879764556885e-01 -1.677429080009460449e-01 -1.359142214059829712e-01 2.387007772922515869e-01 -1.205052733421325684e-01 -7.598884403705596924e-02 2.969826757907867432e-01
-1.038176864385604858e-01 -1.545148193836212158e-01 1.693558394908905029e-01 1.757216453552246094e-01 2.907850444316864014e-01 -2.045858502388000488e-01 2.139936238527297974e-01 2.883114218711853027e-01 5.894052982330322266e-02 2.103591114282608032e-01
-7.159541547298431396e-02 1.623644530773162842e-01 -9.361393004655838013e-02 -3.231509923934936523e-01 -1.535303294658660889e-01 7.494747638702392578e-02 -1.389581114053726196e-01 -1.484702676534652710e-01 -5.236523970961570740e-02 3.760925531387329102e-01
1.159227862954139709e-01 -7.205218821763992310e-02 -2.586745023727416992e-01 2.020192891359329224e-01 4.765183851122856140e-02 -1.830681562423706055e-01 2.155755273997783661e-02 -1.672341376543045044e-01 2.405374348163604736e-01 -1.902899593114852905e-01
-4.446275159716606140e-02 2.234476618468761444e-02 8.233205415308475494e-03 -3.102492988109588623e-01 3.144499957561492920e-01 9.648542106151580811e-02 9.841766208410263062e-02 -3.035328984260559082e-01 -4.636652767658233643e-02 -3.576631546020507812e-01
-1.914210058748722076e-02 -1.397131662815809250e-02 1.080016121268272400e-01 9.218128025531768799e-02 -4.707767069339752197e-02 -2.131878882646560669e-01 -2.316553145647048950e-01 6.158146262168884277e-02 -2.096816711127758026e-02 2.699451744556427002e-01
1.224472150206565857e-01 1.369100511074066162e-01 2.390016913414001465e-01 -1.167318820953369141e-01 -2.372867763042449951e-01 1.282392591238021851e-01 -1.602181494235992432e-01 -3.814947903156280518e-01 2.857318818569183350e-01 9.397395886480808258e-03
2.449883669614791870e-01 -7.949551194906234741e-02 1.473869830369949341e-01 2.024332731962203979e-01 3.069599568843841553e-01 -2.381958067417144775e-01 -2.857126593589782715e-01 -7.188053429126739502e-02 -3.538868129253387451e-01 2.262718230485916138e-01
2.619087696075439453e-01 1.658884733915328979e-01 2.076879516243934631e-02 -3.069784641265869141e-01 5.814660713076591492e-02 -1.277544796466827393e-01 -1.280551999807357788e-01 1.219595447182655334e-01 -1.642593890428543091e-01 -1.896724700927734375e-01
2.863874137401580811e-01 1.430900394916534424e-01 1.869077384471893311e-01 -2.954270243644714355e-01 1.994624882936477661e-01 -1.756669580936431885e-01 -2.533705830574035645e-01 -1.041917577385902405e-01 -4.614383727312088013e-02 -1.097431406378746033e-01
1.189075112342834473e-01 -1.544655710458755493e-01 -2.672244794666767120e-02 -3.726268932223320007e-02 2.632271051406860352e-01 2.687919139862060547e-01 -1.949447244405746460e-01 2.799816727638244629e-01 -3.102257847785949707e-01 5.000117421150207520e-02
2.985927760601043701e-01 1.360755972564220428e-02 1.006542891263961792e-01 1.371761113405227661e-01 3.474616110324859619e-01 -2.256396710872650146e-01 -1.676471680402755737e-01 -2.873860895633697510e-01 1.241037100553512573e-01 -1.278772652149200439e-01
1.709149330854415894e-01 2.364169806241989136e-01 4.966939985752105713e-02 6.306212395429611206e-02 2.474303394556045532e-01 -1.936804316937923431e-02 2.346065044403076172e-01 1.194331496953964233e-01 1.582398414611816406e-01 1.588636934757232666e-01
-1.493717879056930542e-01 2.835775017738342285e-01 3.030510246753692627e-01 -5.016181990504264832e-02 -1.804200857877731323e-01 2.594860494136810303e-01 5.812323465943336487e-02 1.503811124712228775e-02 -2.304557859897613525e-01 -7.429859135299921036e-03
2.218950986862182617e-01 -8.823703974485397339e-02 2.231521159410476685e-01 -2.404143810272216797e-01 -2.647777497768402100e-01 4.920448735356330872e-02 -9.164211899042129517e-02 -3.270987868309020996e-01 -1.969982832670211792e-01 -3.334026038646697998e-01
2.235253155231475830e-01 2.302866876125335693e-01 2.218842357397079468e-01 1.119030490517616272e-01 -1.622581332921981812e-01 -6.336484104394912720e-02 -2.801204919815063477e-01 -2.020223997533321381e-02 1.710976213216781616e-01 1.165143959224224091e-02
-1.411919742822647095e-01 -4.738871380686759949e-02 1.115233525633811951e-01 -1.630278080701828003e-01 -8.558744937181472778e-02 -2.708985805511474609e-01 -2.537999749183654785e-01 -2.183345407247543335e-01 6.805530749261379242e-03 -2.136783897876739502e-01
-1.601219624280929565e-01 -2.834523916244506836e-01 2.522718012332916260e-01 2.302818596363067627e-01 -1.996466666460037231e-01 -2.078953534364700317e-01 3.006365299224853516e-01 -2.916907705366611481e-02 2.580820620059967041e-01 3.393487334251403809e-01
4.333311691880226135e-02 7.262547314167022705e-02 -1.049416437745094299e-01 -1.193421185016632080e-01 -2.608015835285186768e-01 2.771055698394775391e-01 9.817462414503097534e-02 2.549478039145469666e-02 -1.342921108007431030e-01 5.347497761249542236e-02
-7.885993272066116333e-02 4.959012195467948914e-02 1.799335926771163940e-01 1.702129393815994263e-01 -5.626502633094787598e-02 -2.182740569114685059e-01 -1.375005692243576050e-01 1.718818843364715576e-01 1.444201916456222534e-01 -2.125924825668334961e-01
-2.772744894027709961e-01 7.691393792629241943e-02 2.978141047060489655e-02 -3.763177245855331421e-02 -1.638946384191513062e-01 -1.109143421053886414e-01 -6.211156025528907776e-02 -3.694887505844235420e-03 -2.247604876756668091e-01 3.243600204586982727e-02
9.438048116862773895e-03 -1.506191641092300415e-01 -5.398407950997352600e-02 -6.444992870092391968e-02 -4.670666158199310303e-02 1.419953256845474243e-01 -9.791183285415172577e-03 2.697506546974182129e-01 2.917870692908763885e-02 1.602969616651535034e-01
3.396211890503764153e-03 2.308689653873443604e-01 -9.035346657037734985e-02 6.434537470340728760e-02 2.921299636363983154e-01 1.264365576207637787e-02 -1.757037192583084106e-01 -4.613730683922767639e-02 -2.976325452327728271e-01 2.912645936012268066e-01
1.321235299110412598e-01 -9.417423047125339508e-03 2.561010122299194336e-01 -1.800644993782043457e-01 -2.112784683704376221e-01 -2.812332808971405029e-01 3.299968782812356949e-03 1.984171010553836823e-02 -2.096473127603530884e-01 -2.839312553405761719e-01
-1.468632370233535767e-01 -2.095389664173126221e-01 -6.758937984704971313e-02 -1.703673899173736572e-01 -1.837908625602722168e-01 8.087536692619323730e-02 -3.164998292922973633e-01 5.520613864064216614e-03 1.100519821047782898e-01 2.424778640270233154e-01
-9.671964496374130249e-02 1.038085594773292542e-01 3.025092780590057373e-01 1.078162491321563721e-01 -2.354211360216140747e-01 -2.662758529186248779e-01 4.788865149021148682e-02 4.379664734005928040e-02 -1.366443485021591187e-01 1.875045299530029297e-01
-1.103944843634963036e-03 1.724635809659957886e-01 -1.550868302583694458e-01 3.854999318718910217e-02 1.774691231548786163e-02 -3.828000510111451149e-03 1.983103007078170776e-01 2.680574357509613037e-01 1.435133963823318481e-01 -7.019063830375671387e-02
-1.995167285203933716e-01 9.019716084003448486e-02 6.492343544960021973e-02 2.515727579593658447e-01 2.376230806112289429e-01 -2.095872461795806885e-01 -8.493781834840774536e-02 -6.653700023889541626e-02 1.224667653441429138e-01 3.374956846237182617e-01
-9.794223308563232422e-02 1.481706947088241577e-01 -3.891390934586524963e-02 -1.658565402030944824e-01 2.245283573865890503e-01 -2.199999243021011353e-01 2.101149410009384155e-02 -1.069260910153388977e-01 -2.147541642189025879e-01 -2.858972251415252686e-01
2.535200417041778564e-01 6.188783422112464905e-02 -1.895176917314529419e-01 2.793315649032592773e-01 -1.637671142816543579e-02 -1.463278234004974365e-01 4.625297710299491882e-02 3.018086552619934082e-01 -2.993007302284240723e-01 -7.834172993898391724e-02
-2.264371812343597412e-01 2.574940621852874756e-01 -8.235887438058853149e-02 8.077938854694366455e-02 2.972059547901153564e-01 -1.506873369216918945e-01 -5.768911167979240417e-02 2.388875372707843781e-02 -2.345298826694488525e-01 -2.018310725688934326e-01
-7.916019111871719360e-02 2.995215654373168945e-01 3.160046935081481934e-01 2.021373063325881958e-01 1.493721306324005127e-01 3.599779680371284485e-02 -2.071228325366973877e-01 1.201489642262458801e-01 1.993374526500701904e-01 -3.428184986114501953e-01
1.244192942976951599e-02 1.077543869614601135e-01 1.641488522291183472e-01 1.145153641700744629e-01 -2.616705596446990967e-01 -2.365353405475616455e-01 1.254701241850852966e-02 6.963052600622177124e-02 2.325886636972427368e-01 3.417584002017974854e-01
2.068168222904205322e-01 1.987251341342926025e-01 6.595794111490249634e-02 1.679343283176422119e-01 3.104159235954284668e-01 2.214451283216476440e-01 1.302349716424942017e-01 1.863133013248443604e-01 -2.953645288944244385e-01 -2.470666170120239258e-01
3.229806125164031982e-01 2.418449893593788147e-02 -2.697050571441650391e-01 4.966132808476686478e-03 2.847537696361541748e-01 -9.415101259946823120e-02 -2.855588495731353760e-01 -5.152906849980354309e-02 1.520193181931972504e-02 -2.612000107765197754e-01
-1.820532530546188354e-01 -9.827547520399093628e-02 2.965762913227081299e-01 8.516689389944076538e-02 2.272464036941528320e-01 -1.334186196327209473e-01 2.099015936255455017e-02 1.480108648538589478e-01 -7.717075198888778687e-02 7.732165604829788208e-02
-3.071676194667816162e-01 -1.709871180355548859e-02 2.591516673564910889e-01 1.271661967039108276e-01 2.036775052547454834e-01 2.021569907665252686e-01 -3.098193323239684105e-03 -5.090403184294700623e-02 -2.085702419281005859e-01 -2.555839419364929199e-01
-1.077176928520202637e-01 -2.269276827573776245e-01 -1.120189577341079712e-01 -1.663415282964706421e-01 1.648191362619400024e-01 -1.367393881082534790e-01 2.176903486251831055e-01 2.633778154850006104e-01 -9.226385504007339478e-02 1.733736693859100342e-01
-1.412062793970108032e-01 1.649487912654876709e-01 1.158282756805419922e-01 2.124096304178237915e-01 -2.079044878482818604e-01 -1.736226677894592285e-01 3.172200620174407959e-01 3.808225737884640694e-03 -2.427940070629119873e-01 -2.991126775741577148e-01
1.337074339389801025e-01 -2.576822601258754730e-02 1.709652841091156006e-01 -2.026949971914291382e-01 8.935678005218505859e-02 6.639357656240463257e-02 -3.410014137625694275e-02 7.345131784677505493e-02 -1.970928460359573364e-01 2.275362014770507812e-01
-2.268957197666168213e-01 2.499091774225234985e-01 2.032956928014755249e-01 1.998627334833145142e-01 2.855080962181091309e-01 2.029743492603302002e-01 2.627294957637786865e-01 2.526226043701171875e-01 3.075616359710693359e-01 -1.366009861230850220e-01
2.303098887205123901e-01 -2.482154667377471924e-01 -1.989764124155044556e-01 7.507639378309249878e-02 2.547839283943176270e-01 -3.065081238746643066e-01 1.353430747985839844e-01 1.322476863861083984e-01 2.327946424484252930e-01 -1.999843120574951172e-01
2.522287666797637939e-01 -3.081784248352050781e-01 -2.039851620793342590e-02 -2.785312011837959290e-03 1.210671737790107727e-01 1.026510819792747498e-01 1.995946466922760010e-01 -1.687137484550476074e-01 1.836147308349609375e-01 1.565832644701004028e-01
-1.884371489286422729e-01 -3.169291466474533081e-02 2.478601634502410889e-01 -1.790247857570648193e-01 3.075814545154571533e-01 -1.075456067919731140e-01 2.272598743438720703e-01 2.454011589288711548e-01 2.814204618334770203e-02 -3.341837823390960693e-01
-5.467237159609794617e-02 -2.069466263055801392e-01 1.576022356748580933e-01 -8.374615013599395752e-02 6.147599220275878906e-02 -1.482092887163162231e-01 5.476390570402145386e-02 -1.744781285524368286e-01 1.089270561933517456e-01 -4.101180657744407654e-02
-4.315209761261940002e-02 2.042243629693984985e-01 -4.600547254085540771e-02 -1.775880306959152222e-01 2.931423485279083252e-01 -2.787472307682037354e-01 3.091590479016304016e-02 -1.360806971788406372e-01 -1.902422159910202026e-01 -1.265076994895935059e-01
-2.012768834829330444e-01 8.771838247776031494e-02 -6.812762469053268433e-02 -4.456093162298202515e-02 2.243954539299011230e-01 -1.179707869887351990e-01 7.329989224672317505e-02 3.436785340309143066e-01 1.894118636846542358e-01 -1.800100654363632202e-01
3.916946053504943848e-02 1.968026719987392426e-02 9.374924749135971069e-02 2.312740981578826904e-01 1.570656001567840576e-01 -1.459703892469406128e-01 2.167731225490570068e-01 -5.925918370485305786e-02 -2.383216172456741333e-01 2.295363694429397583e-02
2.385089397430419922e-01 2.829939424991607666e-01 2.783063650131225586e-01 1.138624474406242371e-01 1.229557022452354431e-01 3.101011216640472412e-01 -4.018912836909294128e-02 2.318215072154998779e-01 9.587647765874862671e-02 3.003308176994323730e-01
-6.111222133040428162e-02 -3.038481771945953369e-01 2.587049305438995361e-01 -1.150190234184265137e-01 -2.114864140748977661e-01 -2.647326290607452393e-01 -5.686984956264495850e-02 3.483173996210098267e-02 3.658612966537475586e-01 -3.194136321544647217e-01
2.112530320882797241e-01 -3.083921968936920166e-02 -1.651921570301055908e-01 6.166886538267135620e-03 3.030079007148742676e-01 1.087103113532066345e-01 -5.078359693288803101e-02 -3.232567757368087769e-02 -1.423878222703933716e-01 -5.664944648742675781e-02
-1.681551188230514526e-01 3.046384314075112343e-03 -2.965973019599914551e-01 -2.953007519245147705e-01 2.035419046878814697e-01 -1.154172047972679138e-01 -2.058524936437606812e-01 2.054349184036254883e-01 -1.301210969686508179e-01 -2.482401281595230103e-01
-3.099807500839233398e-01 -1.078202351927757263e-01 1.300639510154724121e-01 2.057658880949020386e-01 -1.365991234779357910e-01 -1.552853826433420181e-02 1.340248137712478638e-01 -3.336597084999084473e-01 -2.667992711067199707e-01 9.452379494905471802e-02
7.306564599275588989e-02 -2.539768218994140625e-01 -3.133332431316375732e-01 -3.154704272747039795e-01 2.016682028770446777e-01 2.997602149844169617e-02 2.302460521459579468e-01 3.382995724678039551e-01 -2.464817762374877930e-01 -4.952156543731689453e-02
-9.530933201313018799e-02 2.359722703695297241e-01 1.553371399641036987e-01 1.081336587667465210e-01 1.682875901460647583e-01 3.829434514045715332e-02 -2.252955883741378784e-01 7.918001711368560791e-02 -2.235617041587829590e-01 -3.594452440738677979e-01
-2.357469797134399414e-01 2.988931536674499512e-01 -4.396031796932220459e-02 -2.014733403921127319e-01 -4.401777684688568115e-02 -2.743107080459594727e-01 2.093902081251144409e-01 -9.321887791156768799e-02 -2.179194241762161255e-01 -2.254207283258438110e-01
-1.820305436849594116e-01 2.833676934242248535e-01 1.665378957986831665e-01 -8.482417464256286621e-02 -5.453836917877197266e-02 -2.507258206605911255e-02 -1.235066875815391541e-01 7.773438934236764908e-03 -1.914166808128356934e-01 -4.912361875176429749e-02
8.958638459444046021e-02 6.582811474800109863e-02 -2.788050472736358643e-01 -2.159446775913238525e-01 -1.920489370822906494e-01 -1.925399452447891235e-01 -1.518242508172988892e-01 2.698850445449352264e-02 2.532867491245269775e-01 -3.022094368934631348e-01
-2.698785364627838135e-01 1.261345893144607544e-01 -2.686858177185058594e-01 -2.745310664176940918e-01 6.572340428829193115e-02 2.628862857818603516e-01 -2.947665750980377197e-01 3.511806130409240723e-01 -2.853403687477111816e-01 3.702889680862426758e-01
-2.608748078346252441e-01 2.721318900585174561e-01 1.373561173677444458e-01 1.742724925279617310e-01 2.024315111339092255e-02 -2.925500571727752686e-01 -2.723321020603179932e-01 5.172265693545341492e-02 -7.210291922092437744e-02 -9.937637299299240112e-02
-7.956919819116592407e-02 -4.885676875710487366e-02 1.286390125751495361e-01 8.120469748973846436e-02 8.287026733160018921e-02 -1.556830015033483505e-02 1.533669382333755493e-01 1.543113291263580322e-01 1.774741113185882568e-01 -1.050180792808532715e-01
-1.595715284347534180e-01 -2.010417729616165161e-01 -1.589134931564331055e-01 -2.431489378213882446e-01 1.073820069432258606e-01 1.351707428693771362e-01 7.659012824296951294e-02 -2.308540940284729004e-01 -6.168650090694427490e-02 -7.843516767024993896e-03
-2.791884243488311768e-01 -2.710594534873962402e-01 1.139025017619132996e-02 3.035937249660491943e-01 9.221711009740829468e-02 -2.852222919464111328e-01 2.474246174097061157e-01 -2.523707449436187744e-01 5.411596968770027161e-02 -1.431336849927902222e-01
-1.682813763618469238e-01 -4.083613865077495575e-03 1.312222629785537720e-01 -8.824511617422103882e-02 -1.871276199817657471e-01 -1.828837543725967407e-01 1.107876151800155640e-01 2.328661680221557617e-01 -7.470741122961044312e-02 1.319745276123285294e-02
2.206366509199142456e-01 2.008733004331588745e-01 2.677980959415435791e-01 3.078982234001159668e-01 -1.187555417418479919e-01 -1.630487591028213501e-01 -2.591487169265747070e-01 9.125224500894546509e-02 -2.476844489574432373e-01 2.764616608619689941e-01
1.564646810293197632e-01 -9.740998968482017517e-03 1.824908703565597534e-01 8.187435567378997803e-02 1.146925799548625946e-02 1.698718518018722534e-01 3.874550759792327881e-02 1.817337125539779663e-01 -6.887205690145492554e-02 -1.612590700387954712e-01
-1.873560994863510132e-01 -2.037200480699539185e-01 -9.762394428253173828e-02 -1.040447950363159180e-01 -2.567628026008605957e-01 1.774855554103851318e-01 -1.117721349000930786e-01 1.249336749315261841e-01 3.353804582729935646e-03 -1.013182997703552246e-01
1.255418360233306885e-01 2.065411806106567383e-01 -7.012645900249481201e-02 2.985231811180710793e-03 -1.889173090457916260e-01 -2.198852300643920898e-01 -1.970183104276657104e-01 -3.312471508979797363e-01 -1.660979092121124268e-01 2.154451459646224976e-01
-9.478976577520370483e-02 1.470842808485031128e-01 -5.792971700429916382e-02 -1.053085625171661377e-01 1.116426661610603333e-01 1.256179362535476685e-01 6.553804874420166016e-02 3.120285868644714355e-01 -2.572364211082458496e-01 3.382310271263122559e-01
-6.530773639678955078e-02 2.276606559753417969e-01 -6.511756777763366699e-02 -2.031797170639038086e-02 1.740903034806251526e-02 5.704347789287567139e-02 1.392475217580795288e-01 1.210752502083778381e-01 -7.051874697208404541e-02 -2.112591415643692017e-01
2.698694765567779541e-01 -1.219308152794837952e-01 -2.597448825836181641e-01 1.974539309740066528e-01 1.875629872083663940e-01 2.529111206531524658e-01 -1.438422594219446182e-02 1.925113499164581299e-01 -3.211485594511032104e-02 -2.149499654769897461e-01
2.134716659784317017e-01 -4.994931817054748535e-02 -3.761789575219154358e-02 2.274992465972900391e-01 1.184480041265487671e-01 7.690709084272384644e-02 -1.121872738003730774e-01 2.082108855247497559e-01 1.506020873785018921e-01 1.053006723523139954e-01
1.356084793806076050e-01 3.240333795547485352e-01 -1.781292557716369629e-01 1.320212036371231079e-01 1.018809899687767029e-01 -8.815357089042663574e-02 1.316535472869873047e-01 -3.861115500330924988e-02 -3.251655399799346924e-02 3.597985208034515381e-01
1.021245345473289490e-01 -1.603723019361495972e-01 3.466412017587572336e-04 -1.718362569808959961e-01 2.070277482271194458e-01 2.173535972833633423e-01 -5.177872255444526672e-02 2.371952682733535767e-01 -6.082512065768241882e-02 6.475282460451126099e-02
1.881748586893081665e-01 -1.640730351209640503e-01 -7.904600352048873901e-02 -8.699331432580947876e-02 -6.550309062004089355e-02 -8.570771664381027222e-02 2.985525131225585938e-01 -2.609563171863555908e-01 2.780270576477050781e-01 -2.199733257293701172e-01
-1.536830663681030273e-01 -1.563438326120376587e-01 -7.328246533870697021e-02 -2.968618459999561310e-02 -2.537154555320739746e-01 2.891252338886260986e-01 -2.395910918712615967e-01 -8.111000806093215942e-02 2.585181891918182373e-01 3.459575176239013672e-01
-2.711805105209350586e-01 1.880711130797863007e-02 7.717666029930114746e-02 1.749390363693237305e-01 3.022153377532958984e-01 1.057607382535934448e-01 1.903902292251586914e-01 -1.510041654109954834e-01 -3.342033028602600098e-01 -5.685828253626823425e-02
-3.019047677516937256e-01 -2.713860273361206055e-01 2.370308488607406616e-01 -2.373195737600326538e-01 8.523885905742645264e-02 2.434671372175216675e-01 -1.744959801435470581e-01 -1.179061532020568848e-01 1.306803524494171143e-01 -4.337463527917861938e-03
-8.151300251483917236e-02 -7.132316473871469498e-03 6.322535127401351929e-02 1.547701507806777954e-01 2.375746145844459534e-02 2.143137753009796143e-01 -3.086474239826202393e-01 -1.628076136112213135e-01 3.024277985095977783e-01 3.438942730426788330e-01
-2.001441456377506256e-02 2.856234610080718994e-01 -2.580008655786514282e-02 5.128144100308418274e-02 8.710726350545883179e-02 -7.663951069116592407e-02 -1.808895468711853027e-01 -2.198503166437149048e-01 -1.646209135651588440e-02 -2.831783294677734375e-01
2.601633071899414062e-01 2.415222674608230591e-01 -1.247383579611778259e-01 -6.955958157777786255e-02 1.611571460962295532e-01 4.958879947662353516e-02 2.744846642017364502e-01 3.060913085937500000e-01 -1.835318505764007568e-01 4.195869714021682739e-02
4.885199666023254395e-02 2.513059675693511963e-01 -8.642366528511047363e-02 -1.755923032760620117e-01 -2.838548123836517334e-01 -1.566390991210937500e-01 -5.455025285482406616e-02 1.544341892004013062e-01 2.337265610694885254e-01 1.201457306742668152e-01
-2.075106054544448853e-01 -1.629874855279922485e-02 -1.399877369403839111e-01 -1.045825053006410599e-02 -2.957088649272918701e-01 -2.633763290941715240e-02 -1.017086133360862732e-01 2.367730438709259033e-01 -1.445986181497573853e-01 8.914076536893844604e-02
3.159851133823394775e-01 -1.542535722255706787e-01 2.055738121271133423e-02 -2.834969162940979004e-01 1.210756674408912659e-01 2.768005132675170898e-01 2.956592738628387451e-01 -2.410598844289779663e-01 3.323962166905403137e-02 6.405071914196014404e-02
-5.221073515713214874e-03 9.736389853060245514e-03 2.012461870908737183e-01 -6.730027496814727783e-02 2.330932021141052246e-01 -6.393128633499145508e-02 -6.926655024290084839e-02 -1.356953084468841553e-01 -9.560069441795349121e-02 1.157643124461174011e-01
-1.505208611488342285e-01 8.031836897134780884e-02 2.446833699941635132e-01 -7.739413529634475708e-02 -2.966550290584564209e-01 1.789277195930480957e-01 2.694349586963653564e-01 -2.094531357288360596e-01 5.407370626926422119e-02 1.096380203962326050e-01
2.894631326198577881e-01 3.159369528293609619e-01 1.246279627084732056e-01 2.856763303279876709e-01 -1.043409407138824463e-01 2.583853006362915039e-01 1.363301426172256470e-01 -2.184497117996215820e-01 -2.246588468551635742e-01 -1.086974740028381348e-01
-7.641905918717384338e-03 2.642639279365539551e-01 -8.648195117712020874e-02 -1.204771846532821655e-01 2.312779873609542847e-01 -2.963085472583770752e-01 3.037553727626800537e-01 -2.445811182260513306e-01 -2.643368542194366455e-01 -2.952823638916015625e-01
8.449418097734451294e-02 -7.377927005290985107e-02 -2.101894468069076538e-01 -1.485013961791992188e-01 -2.070618718862533569e-01 -2.750275433063507080e-01 4.717259481549263000e-02 3.241842091083526611e-01 3.000461459159851074e-01 9.560270234942436218e-03
1.925211213529109955e-02 2.806508839130401611e-01 1.399912685155868530e-01 -1.983472108840942383e-01 -1.426028758287429810e-01 1.236824132502079010e-02 7.111785560846328735e-02 -2.069604843854904175e-01 -1.563325375318527222e-01 2.195702940225601196e-01
2.603712677955627441e-01 -1.062336638569831848e-01 -1.665464341640472412e-01 -2.963860332965850830e-01 1.967385560274124146e-01 2.722540795803070068e-01 -2.208172976970672607e-01 -2.558647990226745605e-01 2.995282597839832306e-02 -1.161343306303024292e-01
-1.710634231567382812e-01 2.899586558341979980e-01 -2.725448310375213623e-01 1.411387622356414795e-01 -1.484753787517547607e-01 2.845596969127655029e-01 1.314529329538345337e-01 7.530355453491210938e-02 1.509058922529220581e-01 2.341160774230957031e-01
8.749938011169433594e-02 -2.330265939235687256e-02 -6.184788420796394348e-02 2.145640999078750610e-01 -6.343306601047515869e-02 2.521936967968940735e-02 1.831041723489761353e-01 -2.762067317962646484e-01 -2.433819621801376343e-01 2.524502761662006378e-02
2.803151607513427734e-01 1.818264126777648926e-01 1.524471445009112358e-03 8.622086048126220703e-02 2.217738628387451172e-01 1.923428028821945190e-01 3.044945299625396729e-01 1.719505190849304199e-01 2.135019451379776001e-01 -3.200787007808685303e-01
2.320175915956497192e-01 2.517305910587310791e-01 -1.855414956808090210e-01 2.235905379056930542e-01 1.843368560075759888e-01 -8.975396305322647095e-02 -7.047905027866363525e-02 -1.289471089839935303e-01 5.111023038625717163e-02 4.434661939740180969e-02
-2.716494798660278320e-01 1.076209992170333862e-01 2.433563172817230225e-01 -2.408443838357925415e-01 2.444550842046737671e-01 -1.261197775602340698e-02 3.302211686968803406e-02 2.259186655282974243e-01 -1.188324242830276489e-01 -2.248189896345138550e-01
1.206976473331451416e-01 -2.143297791481018066e-01 3.088842332363128662e-01 1.709291487932205200e-01 -5.946622043848037720e-02 2.086906731128692627e-01 -1.133330538868904114e-01 1.764936596155166626e-01 7.604002207517623901e-02 -1.628062576055526733e-01
2.668224573135375977e-01 -2.617065012454986572e-01 2.586413621902465820e-01 8.150364272296428680e-03 1.389611139893531799e-02 -4.565896838903427124e-02 2.838705480098724365e-01 -2.959240972995758057e-01 2.120874673128128052e-01 -2.710710465908050537e-01
-1.117335110902786255e-01 -1.742792874574661255e-01 2.511999011039733887e-01 5.007906258106231689e-02 1.449439823627471924e-01 -1.489960998296737671e-01 8.534932136535644531e-02 1.832727640867233276e-01 1.019385084509849548e-01 -3.265588581562042236e-01
-2.141523957252502441e-01 -1.080259159207344055e-01 2.207021787762641907e-02 2.978242933750152588e-01 3.200448155403137207e-01 3.071683943271636963e-01 6.467801332473754883e-02 6.227723881602287292e-02 2.731633186340332031e-01 -3.057848215103149414e-01
-2.806742489337921143e-01 -3.426605835556983948e-02 -9.276492893695831299e-02 -3.615734726190567017e-02 -2.927778363227844238e-01 3.388973772525787354e-01 -2.904800176620483398e-01 4.022024869918823242e-01 -3.420478701591491699e-01 -1.481111496686935425e-01
-2.583338916301727295e-01 2.223033308982849121e-01 -3.314194455742835999e-02 -3.667329996824264526e-02 2.564826607704162598e-01 1.030996963381767273e-01 2.081750780344009399e-01 -3.837223863229155540e-03 7.847448438405990601e-02 -3.453843295574188232e-01
2.196637541055679321e-01 -1.557557880878448486e-01 -1.407637447118759155e-01 5.390568822622299194e-02 2.142304331064224243e-01 3.964297845959663391e-02 2.490855157375335693e-01 -1.970318704843521118e-01 2.140872180461883545e-01 -2.499122768640518188e-01
2.386189624667167664e-02 1.133425906300544739e-01 -6.822934001684188843e-02 -6.102784723043441772e-02 2.859782986342906952e-02 1.223422884941101074e-01 1.707619279623031616e-01 -2.271592020988464355e-01 6.003220006823539734e-02 3.475379571318626404e-02
1.647814512252807617e-01 -2.187329381704330444e-01 -2.239499092102050781e-01 6.024292483925819397e-02 8.134314417839050293e-02 -1.738166511058807373e-01 1.334983557462692261e-01 -2.676837146282196045e-01 2.913144528865814209e-01 2.390857487916946411e-01
-1.514941751956939697e-01 -2.280425578355789185e-01 -2.672504782676696777e-01 -5.333821848034858704e-02 2.714148759841918945e-01 -1.857886314392089844e-01 -9.771069139242172241e-02 -1.894296258687973022e-01 1.727214604616165161e-01 1.531355232000350952e-01
3.149408102035522461e-01 -1.826332807540893555e-01 1.219314988702535629e-02 -6.622085347771644592e-03 -1.667786836624145508e-01 -1.194569021463394165e-01 1.495844870805740356e-01 -2.596576325595378876e-02 1.333233118057250977e-01 -2.925372719764709473e-01
1.059312596917152405e-01 -3.585081081837415695e-03 -5.757479742169380188e-02 -2.719821594655513763e-02 1.039573103189468384e-01 2.917248010635375977e-01 -1.794428378343582153e-01 7.779863476753234863e-02 3.387551605701446533e-01 -1.529276818037033081e-01
-3.529962897300720215e-02 1.517631858587265015e-01 -2.028591632843017578e-01 2.437119930982589722e-02 2.939719259738922119e-01 2.213868871331214905e-02 -2.894381619989871979e-02 -2.518037259578704834e-01 4.151625931262969971e-02 -1.786044426262378693e-02
7.845438085496425629e-03 7.377695292234420776e-02 -2.552712261676788330e-01 1.335665881633758545e-01 -1.408744752407073975e-01 9.101243317127227783e-02 2.956104278564453125e-01 2.511079907417297363e-01 -1.674823462963104248e-01 2.029832005500793457e-01
-2.901489436626434326e-01 2.092072516679763794e-01 -2.851664721965789795e-01 4.448799043893814087e-02 2.280659228563308716e-01 2.913741171360015869e-01 -1.517601609230041504e-01 -1.473386585712432861e-01 -2.775546312332153320e-01 1.065032333135604858e-01
1.479699611663818359e-01 -2.544655501842498779e-01 -2.946055307984352112e-02 9.549897909164428711e-02 -1.143721416592597961e-01 7.732407748699188232e-02 -2.910142242908477783e-01 -1.594999581575393677e-01 2.049544602632522583e-01 1.596046984195709229e-01
-1.460648924112319946e-01 -7.761742174625396729e-02 1.286387890577316284e-01 -1.441196352243423462e-01 -2.340086102485656738e-01 1.152746751904487610e-01 1.224027052521705627e-01 1.362105160951614380e-01 -5.686685070395469666e-02 -1.342603713274002075e-01
-2.874644696712493896e-01 5.107790604233741760e-02 1.545564681291580200e-01 -1.561216264963150024e-01 4.140560701489448547e-02 2.927040755748748779e-01 -2.105201333761215210e-01 -2.766493260860443115e-01 1.621474027633666992e-01 1.988475471735000610e-01
-2.170364260673522949e-01 2.902072668075561523e-01 -3.157577812671661377e-01 -1.867939978837966919e-01 -2.494195476174354553e-02 -1.449059098958969116e-01 1.981061846017837524e-01 3.657994270324707031e-01 1.329417377710342407e-01 1.211719438433647156e-01
2.055349200963973999e-01 -2.116096019744873047e-01 2.103854417800903320e-01 2.943581342697143555e-01 4.693946614861488342e-02 1.132640987634658813e-01 -1.886554993689060211e-02 1.756569892168045044e-01 -1.882776170969009399e-01 -1.285890489816665649e-02
-1.017167642712593079e-01 -3.298716619610786438e-02 2.421357631683349609e-01 -3.464533388614654541e-02 3.149733319878578186e-02 2.384585142135620117e-01 5.374917015433311462e-02 -2.539875507354736328e-01 -9.057225286960601807e-02 1.630676686763763428e-01
-2.464501857757568359e-01 -2.971561849117279053e-01 3.339338302612304688e-02 -1.356448531150817871e-01 1.122974604368209839e-01 1.277494728565216064e-01 2.726969420909881592e-01 -2.626122236251831055e-01 1.817456036806106567e-01 -7.667621970176696777e-02
-8.647968620061874390e-02 4.898905009031295776e-02 -2.450111359357833862e-01 1.331294327974319458e-01 -2.429317831993103027e-01 2.588348090648651123e-01 2.220226973295211792e-01 -6.459766626358032227e-02 2.844871878623962402e-01 -1.202577054500579834e-01
1.520277410745620728e-01 -3.456319496035575867e-02 2.977672219276428223e-01 -5.593360215425491333e-02 2.223816365003585815e-01 -1.498091518878936768e-01 1.851712018251419067e-01 1.997041106224060059e-01 -2.123535573482513428e-01 1.064577028155326843e-01
-1.522821933031082153e-01 -1.341272741556167603e-01 -2.836990952491760254e-01 -2.940335273742675781e-01 1.664762794971466064e-01 1.508536785840988159e-01 -1.985742002725601196e-01 1.353038698434829712e-01 -2.175614982843399048e-01 -6.447273492813110352e-02
-1.289117783308029175e-01 6.745208986103534698e-03 -4.230314120650291443e-02 -1.427607834339141846e-01 6.217514723539352417e-02 -1.913359165191650391e-01 -9.512574970722198486e-02 -2.753964960575103760e-01 2.764087170362472534e-02 -2.262655049562454224e-01
-1.793743371963500977e-01 -2.956683635711669922e-01 -2.036846876144409180e-01 -1.178666055202484131e-01 2.533763349056243896e-01 5.350694525986909866e-03 -1.770745962858200073e-02 -1.817359328269958496e-01 1.719908714294433594e-01 7.452917844057083130e-02
8.401761949062347412e-02 -2.456074506044387817e-01 1.059300824999809265e-02 -2.600025534629821777e-01 8.558613806962966919e-02 4.589464887976646423e-02 2.198156863451004028e-01 -2.886210680007934570e-01 1.307607591152191162e-01 3.462181985378265381e-01
-7.862155139446258545e-02 1.737840771675109863e-01 -1.214263215661048889e-01 1.887136250734329224e-01 -8.805722743272781372e-02 -2.282265424728393555e-01 -2.895615696907043457e-01 -3.572362363338470459e-01 1.898071467876434326e-01 -7.545619457960128784e-02
2.129662781953811646e-01 2.352241426706314087e-01 2.956901192665100098e-01 -2.194918692111968994e-01 -5.845291540026664734e-02 -2.645267173647880554e-02 -2.844894826412200928e-01 1.092318594455718994e-01 1.200827062129974365e-01 -1.908594071865081787e-01
8.976405858993530273e-02 -2.093293815851211548e-01 2.017267644405364990e-01 2.774217128753662109e-01 4.129929468035697937e-02 -2.609187364578247070e-01 -1.488453596830368042e-01 2.209344655275344849e-01 -2.975573539733886719e-01 -2.183391898870468140e-01
1.190360635519027710e-01 4.612931609153747559e-02 -9.524783492088317871e-02 -1.507782787084579468e-01 2.571390569210052490e-01 -1.712025105953216553e-01 -2.857434153556823730e-01 -2.373050898313522339e-01 2.053642570972442627e-01 -1.366931363008916378e-03
-2.558862566947937012e-01 2.014528959989547729e-01 -2.591142952442169189e-01 -3.151673376560211182e-01 -6.712507456541061401e-02 1.838808357715606689e-01 -2.403790801763534546e-01 3.434193730354309082e-01 -1.028670519590377808e-01 2.155569344758987427e-01
2.988265752792358398e-01 1.709492802619934082e-01 -1.584980636835098267e-01 -1.458896547555923462e-01 -1.357265859842300415e-01 3.325841948390007019e-02 2.405234575271606445e-01 2.401081379503011703e-03 7.722142338752746582e-02 -2.522732876241207123e-02
-2.743587642908096313e-02 -2.988805770874023438e-01 -1.900384575128555298e-02 2.635882198810577393e-01 -4.199383035302162170e-02 1.987396031618118286e-01 1.485271304845809937e-01 9.514229744672775269e-02 2.854341566562652588e-01 -3.871895000338554382e-02
1.393052637577056885e-01 3.059522509574890137e-01 -9.531136602163314819e-02 2.287652939558029175e-01 2.576040327548980713e-01 1.176144927740097046e-01 -1.088506206870079041e-01 -3.665076941251754761e-02 -3.152039051055908203e-01 3.508562743663787842e-01
-2.667852044105529785e-01 -1.132855936884880066e-01 2.154398709535598755e-01 -3.094757497310638428e-01 -2.993102371692657471e-01 -1.516160666942596436e-01 -2.525537908077239990e-01 -6.463363766670227051e-02 1.893898099660873413e-01 -1.375335007905960083e-01
-4.049150273203849792e-02 -4.261389747262001038e-02 -1.694858372211456299e-01 -3.198719769716262817e-02 1.246512606739997864e-01 6.923339515924453735e-02 -1.359827537089586258e-02 1.709831655025482178e-01 3.592869639396667480e-01 1.548733264207839966e-01
3.582207951694726944e-03 2.800088822841644287e-01 2.476423680782318115e-01 -1.193787232041358948e-01 -2.394754588603973389e-01 2.752221822738647461e-01 1.452258676290512085e-01 -2.613791227340698242e-01 -2.570971548557281494e-01 -2.128010690212249756e-01
-1.249033361673355103e-01 2.039953023195266724e-01 -1.942574828863143921e-01 -2.788940370082855225e-01 -2.696348130702972412e-01 -8.991345763206481934e-02 -1.872954219579696655e-01 -5.345101282000541687e-02 -2.252330183982849121e-01 -2.409271597862243652e-01
-9.094420075416564941e-02 1.357471048831939697e-01 -1.240274682641029358e-01 2.862215340137481689e-01 1.597760766744613647e-01 -2.344166487455368042e-01 8.566812425851821899e-02 1.394937187433242798e-01 1.320398151874542236e-01 1.314021944999694824e-01
-1.681288331747055054e-01 2.124784141778945923e-01 -1.230824738740921021e-01 1.878421157598495483e-01 -9.194337576627731323e-02 2.464470118284225464e-01 -2.184934914112091064e-01 4.093467257916927338e-03 8.677051961421966553e-02 4.653447866439819336e-02
-2.637637853622436523e-01 2.368189394474029541e-01 1.017385646700859070e-01 -1.108436882495880127e-01 -3.222857415676116943e-01 -5.705474317073822021e-02 1.442065238952636719e-01 4.202415794134140015e-02 -1.176636666059494019e-01 1.560684144496917725e-01
-1.712500005960464478e-01 2.210792750120162964e-01 2.831674218177795410e-01 7.023587077856063843e-02 2.795989215373992920e-01 9.469376504421234131e-02 -9.021253138780593872e-02 1.813206672668457031e-01 -2.960987389087677002e-01 -1.122801527380943298e-01
-2.968841195106506348e-01 -1.732394546270370483e-01 -1.374431103467941284e-01 -1.681705564260482788e-01 1.939084529876708984e-01 9.426239132881164551e-02 1.812622845172882080e-01 3.598701953887939453e-02 -2.994343638420104980e-01 -2.521018385887145996e-01
-2.110143899917602539e-01 1.783184558153152466e-01 3.300843760371208191e-02 -8.857401460409164429e-02 -2.331542521715164185e-01 2.874712944030761719e-01 8.601761609315872192e-02 -1.007205173373222351e-01 -1.028873100876808167e-01 1.782901585102081299e-01
8.852481096982955933e-02 -6.259188801050186157e-02 1.527197752147912979e-02 8.811827003955841064e-02 1.526632755994796753e-01 2.674200534820556641e-01 9.396193176507949829e-02 2.527030110359191895e-01 2.253567427396774292e-01 -2.762802839279174805e-01
-2.769161164760589600e-01 2.313394844532012939e-01 1.838220059871673584e-01 2.717399299144744873e-01 -2.823916971683502197e-01 2.032922506332397461e-01 1.705377921462059021e-02 3.316164314746856689e-01 6.109683960676193237e-02 -6.911439704708755016e-04
2.516488432884216309e-01 -6.186495721340179443e-02 -2.034960240125656128e-01 1.991616189479827881e-01 5.611931439489126205e-03 6.905391067266464233e-02 -1.456505805253982544e-01 -1.925505846738815308e-01 1.485498845577239990e-01 -1.690749824047088623e-02
2.918489277362823486e-01 -1.877092421054840088e-01 1.576105803251266479e-01 -2.057886868715286255e-01 -2.568762302398681641e-01 8.509684354066848755e-03 7.207891345024108887e-02 1.699358597397804260e-02 -1.213106885552406311e-01 2.903725504875183105e-01
5.162709206342697144e-02 2.943388223648071289e-01 8.248966187238693237e-02 2.252182364463806152e-01 2.737174928188323975e-01 -3.002911210060119629e-01 1.729095131158828735e-01 -2.332281768321990967e-01 -7.973378896713256836e-02 -3.640427589416503906e-01
-8.856529742479324341e-02 -3.577181324362754822e-02 1.111903786659240723e-01 -9.503525681793689728e-03 -2.309547513723373413e-01 -1.944678127765655518e-01 1.732996255159378052e-01 1.907943747937679291e-02 2.501938641071319580e-01 8.855177462100982666e-02
-2.901950776576995850e-01 -2.043042331933975220e-01 -2.227368950843811035e-01 1.670572310686111450e-01 1.279661152511835098e-02 -7.006142288446426392e-02 2.366542965173721313e-01 -2.202151417732238770e-01 3.564930260181427002e-01 3.024773895740509033e-01
4.267511144280433655e-02 -1.954772919416427612e-01 1.023108139634132385e-01 -7.927957177162170410e-02 3.060786724090576172e-01 2.775655686855316162e-01 1.600662022829055786e-01 3.640779554843902588e-01 2.405585199594497681e-01 -2.095158994197845459e-01
-2.103618830442428589e-01 -1.842650175094604492e-01 -1.680491417646408081e-01 1.767815053462982178e-01 -2.380191683769226074e-01 9.011246263980865479e-02 2.587940096855163574e-01 -9.146700799465179443e-02 1.320144999772310257e-02 -1.549178957939147949e-01
7.934003323316574097e-02 -1.919192075729370117e-01 2.893070280551910400e-01 1.040934175252914429e-01 1.562837660312652588e-01 -2.775735855102539062e-01 2.760709226131439209e-01 1.786172837018966675e-01 -1.970005929470062256e-01 -2.502870261669158936e-01
1.773358434438705444e-01 -3.669363260269165039e-02 9.885200113058090210e-02 -8.203820139169692993e-02 -2.940175831317901611e-01 2.901041507720947266e-01 2.202556431293487549e-01 -1.869429275393486023e-02 -7.920503616333007812e-02 6.685520708560943604e-02
2.240171581506729126e-01 2.631315588951110840e-01 3.059015572071075439e-01 1.211283057928085327e-01 2.053481936454772949e-01 7.164673507213592529e-02 5.174871161580085754e-02 1.220197007060050964e-01 1.284534931182861328e-01 3.246285021305084229e-01
7.671567145735025406e-03 -2.621702253818511963e-01 -1.190414130687713623e-01 -2.733117341995239258e-01 -3.044686913490295410e-01 -1.213034540414810181e-01 -2.684339582920074463e-01 1.313812136650085449e-01 -3.476207554340362549e-01 2.060876972973346710e-02
1.907591521739959717e-01 3.246635571122169495e-02 2.050697356462478638e-01 -6.461161375045776367e-02 -1.333355307579040527e-01 6.014225631952285767e-02 4.098628833889961243e-02 -2.025284022092819214e-01 2.574836611747741699e-01 -3.326525539159774780e-02
-6.725232116878032684e-03 -1.361547037959098816e-02 -1.474598944187164307e-01 -2.923706173896789551e-01 -5.159066244959831238e-02 2.516220211982727051e-01 -1.362699270248413086e-01 -3.837402164936065674e-01 -1.625877618789672852e-01 -6.648202426731586456e-03
4.456583037972450256e-02 -1.093065887689590454e-01 -5.196532607078552246e-02 -1.926572322845458984e-01 1.240713596343994141e-01 -1.182730197906494141e-01 -5.260886251926422119e-02 -1.164409294724464417e-01 -8.669007569551467896e-03 2.996500432491302490e-01
-2.008126825094223022e-01 7.901437580585479736e-02 3.080733120441436768e-01 1.460714638233184814e-01 -2.531489133834838867e-01 1.832532882690429688e-01 2.113554179668426514e-01 1.797904372215270996e-01 1.500131785869598389e-01 -1.930820792913436890e-01
1.348836463876068592e-03 -6.207662820816040039e-02 -1.840416938066482544e-01 -7.501395791769027710e-02 -2.155781984329223633e-01 2.927550673484802246e-01 2.065745741128921509e-01 5.466552451252937317e-02 2.123435139656066895e-01 -1.500299125909805298e-01
-3.162642717361450195e-01 2.309388518333435059e-01 1.172078624367713928e-01 -2.775868177413940430e-01 -1.751871556043624878e-01 1.259711086750030518e-01 2.901168167591094971e-01 2.191490978002548218e-01 -3.898074626922607422e-01 -3.593565523624420166e-02
2.299792319536209106e-01 -1.176586151123046875e-01 -1.788084022700786591e-02 2.593801170587539673e-02 1.155919730663299561e-01 2.758790254592895508e-01 -1.226480081677436829e-01 -2.031941525638103485e-02 1.969467997550964355e-01 -3.429204225540161133e-01
1.502787172794342041e-01 2.669042944908142090e-01 -2.557637728750705719e-02 9.654971957206726074e-02 1.948735266923904419e-01 1.217541247606277466e-01 -2.285264581441879272e-01 2.560137212276458740e-01 6.000646948814392090e-02 1.747757941484451294e-01
2.575533390045166016e-01 -1.953725516796112061e-01 3.167563378810882568e-01 2.621387541294097900e-01 1.055973991751670837e-01 2.779702246189117432e-01 -2.145896404981613159e-01 -1.904449313879013062e-01 3.557259738445281982e-01 -2.315925359725952148e-01
3.000892102718353271e-01 -4.331081733107566833e-02 1.366575509309768677e-01 -1.136832013726234436e-01 -1.927384138107299805e-01 2.215290218591690063e-01 -1.330472808331251144e-02 1.417836099863052368e-01 -2.353891134262084961e-01 -3.383030295372009277e-01
7.901089638471603394e-02 -1.489385813474655151e-01 2.420161068439483643e-01 2.977725267410278320e-01 -2.574304044246673584e-01 2.957651615142822266e-01 -1.992435306310653687e-01 -1.736744344234466553e-01 -2.211336046457290649e-01 -2.921751439571380615e-01
-1.862855553627014160e-01 1.250545084476470947e-01 -2.592849135398864746e-01 -1.298320442438125610e-01 -3.585122176446020603e-04 2.232182025909423828e-01 -5.564467236399650574e-02 2.619727253913879395e-01 -2.371305823326110840e-01 6.110068876296281815e-03
-2.736526727676391602e-01 -4.645825177431106567e-02 3.020453639328479767e-02 -5.478489398956298828e-02 1.134660318493843079e-01 -5.709927529096603394e-02 1.997351646423339844e-01 -1.116780862212181091e-01 8.239381760358810425e-02 -1.519417166709899902e-01
-1.647897660732269287e-01 2.560757398605346680e-01 -9.825461357831954956e-02 1.085514388978481293e-02 1.438134163618087769e-01 -2.378720343112945557e-01 -1.269559413194656372e-01 1.215242668986320496e-01 -3.968213796615600586e-01 -1.936622709035873413e-01
3.091114163398742676e-01 2.843077778816223145e-01 2.843317687511444092e-01 -2.102864086627960205e-01 2.878226339817047119e-01 5.513545498251914978e-02 1.814130693674087524e-01 1.641916632652282715e-01 -2.954888045787811279e-01 -1.850615292787551880e-01
3.412900725379586220e-03 7.467548549175262451e-02 2.463986724615097046e-01 5.551962181925773621e-02 2.837967574596405029e-01 -3.084056377410888672e-01 -5.060228053480386734e-03 -4.958950355648994446e-02 3.075139597058296204e-02 -2.973045408725738525e-02
8.999841660261154175e-02 -2.137398719787597656e-01 -2.302087545394897461e-01 -2.278338819742202759e-01 1.636539697647094727e-01 -7.502090930938720703e-02 -2.365691363811492920e-01 2.369514405727386475e-01 4.315184429287910461e-02 2.021791413426399231e-02
1.034957692027091980e-01 -2.099459618330001831e-01 1.924704015254974365e-01 -1.627077460289001465e-01 1.087358593940734863e-01 3.095908164978027344e-01 -2.230858951807022095e-01 3.507142663002014160e-01 1.719930320978164673e-01 2.942016124725341797e-01
-3.805244714021682739e-02 2.489283978939056396e-01 9.865452349185943604e-02 1.134183257818222046e-02 6.305513530969619751e-02 -1.577640771865844727e-01 3.888973593711853027e-02 2.764420211315155029e-01 -3.412047922611236572e-01 -1.135341525077819824e-01
-8.489334583282470703e-02 1.784570664167404175e-01 2.543432712554931641e-01 1.908526755869388580e-02 -6.329334527254104614e-02 6.616248190402984619e-02 -2.513359785079956055e-01 2.792255282402038574e-01 2.109433412551879883e-01 -1.064130887389183044e-01
2.515068948268890381e-01 2.268096655607223511e-01 -1.945035457611083984e-01 2.777926325798034668e-01 -2.505833208560943604e-01 9.708197414875030518e-02 -1.441942602396011353e-01 2.919865846633911133e-01 9.898453205823898315e-02 -4.161435738205909729e-02
1.327232867479324341e-01 -2.799455821514129639e-01 -2.562430799007415771e-01 3.073966801166534424e-01 1.722392588853836060e-01 -3.072852492332458496e-01 -1.995526067912578583e-02 1.516548246145248413e-01 -5.569414049386978149e-02 -1.771477758884429932e-01
-7.269701361656188965e-02 1.352671682834625244e-01 3.817526996135711670e-02 1.666805744171142578e-01 2.685573399066925049e-01 2.630808353424072266e-01 -2.890914976596832275e-01 -1.004918366670608521e-01 -6.733428686857223511e-02 -1.379474401473999023e-01
1.798074394464492798e-01 3.050546348094940186e-01 1.323068886995315552e-01 -3.225255310535430908e-01 1.837983429431915283e-01 -1.725435256958007812e-01 -1.359335482120513916e-01 3.121874034404754639e-01 2.419853359460830688e-01 4.998040944337844849e-02
-3.103555925190448761e-02 1.156039685010910034e-01 1.940738409757614136e-01 -7.864559069275856018e-03 -1.503970324993133545e-01 -9.197238087654113770e-02 -1.800464242696762085e-01 2.993593513965606689e-01 -1.526269167661666870e-01 -3.015931546688079834e-01
-2.512108981609344482e-01 -2.840256690979003906e-01 -1.108742430806159973e-01 -2.627930045127868652e-01 -3.223390667699277401e-04 -9.680118411779403687e-02 -2.919990420341491699e-01 -1.200261041522026062e-01 -2.155821472406387329e-01 2.089728415012359619e-01
1.418146938085556030e-01 -2.451461255550384521e-01 -2.994644939899444580e-01 8.132477104663848877e-02 -1.543257534503936768e-01 2.079059630632400513e-01 -1.942885518074035645e-01 -7.829274237155914307e-02 2.739632427692413330e-01 3.052912950515747070e-01
9.606399387121200562e-02 -1.142861098051071167e-01 2.538784220814704895e-02 3.319536522030830383e-02 2.516304552555084229e-01 -7.123778760433197021e-02 2.978673875331878662e-01 2.864957153797149658e-01 1.408461034297943115e-01 -2.274539470672607422e-01
5.758713185787200928e-02 -9.005165845155715942e-02 1.566641777753829956e-01 1.062433496117591858e-01 3.044910915195941925e-02 -2.170898914337158203e-01 -1.626995205879211426e-01 -3.161612153053283691e-01 1.680076569318771362e-01 3.620422258973121643e-02
1.134965643286705017e-01 6.903512775897979736e-02 -2.530926465988159180e-01 -2.594214677810668945e-01 2.274967581033706665e-01 1.561633795499801636e-01 -2.073987871408462524e-01 -2.841888368129730225e-01 -2.098992764949798584e-01 3.802757263183593750e-01
-1.522692888975143433e-01 2.398756593465805054e-01 -1.596571654081344604e-01 2.033089697360992432e-01 3.211785852909088135e-01 -5.434118583798408508e-02 -7.528665661811828613e-02 -9.136780351400375366e-02 1.578372418880462646e-01 5.076802894473075867e-02
1.966174691915512085e-01 -1.767848134040832520e-01 -1.043049693107604980e-01 1.867009103298187256e-01 3.753798454999923706e-02 -2.104272842407226562e-01 -8.445832878351211548e-02 -2.856901288032531738e-01 -3.796855807304382324e-01 1.325936615467071533e-01
-1.656462848186492920e-01 -2.789481580257415771e-01 -2.398027032613754272e-01 -1.469289232045412064e-02 2.647559642791748047e-01 1.184657439589500427e-01 -2.316595613956451416e-01 -3.502343893051147461e-01 -1.664216369390487671e-01 -1.881733834743499756e-01
-2.329642623662948608e-01 -2.738370597362518311e-01 -2.785280346870422363e-01 -1.796274930238723755e-01 5.196505784988403320e-02 -4.514882341027259827e-02 2.087339162826538086e-01 2.094673216342926025e-01 -3.542217910289764404e-01 9.481547772884368896e-02
-2.259643524885177612e-01 1.192557215690612793e-01 2.578117698431015015e-02 -8.688006550073623657e-02 1.708587259054183960e-01 -1.196211203932762146e-01 2.097760140895843506e-01 -1.072695255279541016e-01 6.400246918201446533e-02 -2.158527970314025879e-01
2.385732978582382202e-01 1.911745071411132812e-01 3.258900046348571777e-01 -3.313235342502593994e-01 6.772947311401367188e-02 -1.897775381803512573e-01 2.470417469739913940e-01 9.618271142244338989e-02 1.748682856559753418e-01 -2.110680341720581055e-01
4.301197081804275513e-02 2.089287340641021729e-01 -1.556722372770309448e-01 1.513024121522903442e-01 2.572733759880065918e-01 -4.476560279726982117e-02 -1.308778077363967896e-01 -2.685927450656890869e-01 -2.034852504730224609e-01 1.932194977998733521e-01
-3.355111926794052124e-03 2.220789492130279541e-01 -2.240047454833984375e-01 -2.683431208133697510e-01 -1.446816325187683105e-01 1.115530207753181458e-01 1.745809912681579590e-01 -1.883320808410644531e-01 1.771262437105178833e-01 1.991904675960540771e-01
-8.928049355745315552e-02 -8.162076771259307861e-02 -2.739995718002319336e-01 2.569313049316406250e-01 1.508055329322814941e-01 -1.941922008991241455e-01 1.459960639476776123e-01 -2.989315092563629150e-01 -8.744663558900356293e-03 3.005093932151794434e-01
-1.523573696613311768e-01 2.665328383445739746e-01 4.214351251721382141e-02 -1.618251204490661621e-01 -1.966829448938369751e-01 -2.259471416473388672e-01 -9.631910175085067749e-02 -3.038503825664520264e-01 3.210711181163787842e-01 -3.243869841098785400e-01
2.207993716001510620e-01 6.886115670204162598e-02 -3.471803292632102966e-02 2.506550848484039307e-01 1.855063885450363159e-01 -2.400165200233459473e-01 1.037484258413314819e-01 1.068309694528579712e-01 2.385945618152618408e-02 -3.472825512290000916e-02
-1.699811220169067383e-01 2.493238300085067749e-01 -3.035698533058166504e-01 4.875287413597106934e-02 -7.603378593921661377e-02 2.122651785612106323e-01 -2.761042118072509766e-01 -1.916508674621582031e-01 -3.108091652393341064e-01 3.208262026309967041e-01
-1.550159603357315063e-01 2.606545984745025635e-01 2.093232274055480957e-01 1.753729730844497681e-01 2.419304847717285156e-02 1.400662958621978760e-01 -1.649744063615798950e-02 -8.076919242739677429e-03 -3.014154732227325439e-01 -1.827210038900375366e-01
2.003405243158340454e-01 -4.480462521314620972e-02 2.535271346569061279e-01 -1.436961591243743896e-01 1.766739487648010254e-01 2.865121364593505859e-01 2.806872129440307617e-01 -2.133881896734237671e-01 6.935846805572509766e-02 1.447436362504959106e-01
-3.689080849289894104e-02 1.979044266045093536e-02 -1.235958188772201538e-02 -6.376016139984130859e-02 2.432975620031356812e-01 -4.598010703921318054e-02 2.339960634708404541e-01 -1.308714896440505981e-01 -3.122467100620269775e-01 -2.658361196517944336e-01
2.960700094699859619e-01 -2.885777354240417480e-01 1.371803879737854004e-01 2.813826203346252441e-01 -9.711518068797886372e-04 2.004240453243255615e-01 1.625639498233795166e-01 2.831332981586456299e-01 -2.712801694869995117e-01 -4.514027014374732971e-02
-3.798006474971771240e-02 1.709973365068435669e-01 -3.141948580741882324e-01 -4.583593457937240601e-02 2.364409118890762329e-01 2.601096034049987793e-01 1.148429736495018005e-01 -2.462511807680130005e-01 -2.285960763692855835e-01 9.177553653717041016e-02
5.128354206681251526e-02 -3.023069202899932861e-01 -1.643234342336654663e-01 1.566136479377746582e-01 -1.386779397726058960e-01 -6.678787618875503540e-02 -1.444007009267807007e-01 1.580034196376800537e-01 -3.405256569385528564e-01 -2.797759175300598145e-01
3.206737935543060303e-01 1.494211256504058838e-01 -8.628702163696289062e-02 1.415228471159934998e-02 -2.035693824291229248e-01 2.602227032184600830e-01 -2.108191847801208496e-01 -3.064624667167663574e-01 -4.585245624184608459e-02 1.276591420173645020e-01
-2.565126121044158936e-01 1.280806511640548706e-01 1.099265739321708679e-01 7.073204219341278076e-02 2.242732793092727661e-01 1.857084184885025024e-01 -2.226247787475585938e-01 8.401043713092803955e-02 -1.483786702156066895e-01 -2.434270828962326050e-01
3.042453825473785400e-01 -3.203192949295043945e-01 -1.813812255859375000e-01 6.800834834575653076e-02 1.597916632890701294e-01 1.207344532012939453e-01 -1.410945318639278412e-02 1.266390234231948853e-01 1.528055965900421143e-01 2.006393522024154663e-01
2.013079123571515083e-03 -2.739266157150268555e-01 1.998692750930786133e-01 9.058932773768901825e-03 -2.568966150283813477e-01 -2.931619882583618164e-01 -2.783962488174438477e-01 8.004532009363174438e-02 -2.981311678886413574e-01 1.340460330247879028e-01
1.682973466813564301e-02 -2.316754907369613647e-01 -2.331423312425613403e-01 1.976985633373260498e-01 -2.138442099094390869e-01 -3.066687285900115967e-01 -1.104027852416038513e-01 -3.173905611038208008e-01 3.449744731187820435e-02 -2.670184969902038574e-01
2.458184808492660522e-01 2.452517598867416382e-01 1.797575205564498901e-01 1.709814369678497314e-01 3.011876046657562256e-01 -2.995720691978931427e-02 -1.382386535406112671e-01 -3.534653186798095703e-01 -2.608587034046649933e-02 -1.714536398649215698e-01
-4.230701923370361328e-02 2.838869094848632812e-01 -2.978816628456115723e-01 -5.557341501116752625e-02 -3.861324116587638855e-02 -2.425360865890979767e-02 -1.707452982664108276e-01 4.048941284418106079e-02 -2.672349214553833008e-01 -6.655366718769073486e-02
-1.228842884302139282e-01 -1.723247393965721130e-02 -1.025901362299919128e-01 1.142312139272689819e-01 3.079209127463400364e-04 1.322810947895050049e-01 1.053741052746772766e-01 9.271781891584396362e-02 -6.756334751844406128e-02 1.510285139083862305e-01
-1.773273795843124390e-01 2.928229272365570068e-01 -2.779681086540222168e-01 -2.825291454792022705e-02 -7.113488763570785522e-02 8.407618850469589233e-02 2.989720106124877930e-01 -1.720275580883026123e-01 -2.078598588705062866e-01 -1.587485671043395996e-01
-2.982007563114166260e-01 -2.860669791698455811e-01 2.107487916946411133e-01 2.861636579036712646e-01 -3.869086503982543945e-02 8.819546550512313843e-02 -2.067133411765098572e-02 1.632063835859298706e-01 3.132084906101226807e-01 -3.118381798267364502e-01
-2.677952051162719727e-01 1.119369715452194214e-01 3.039715290069580078e-01 1.710926741361618042e-01 1.290267705917358398e-01 -1.766677796840667725e-01 1.781163811683654785e-01 -3.356037735939025879e-01 -2.808048129081726074e-01 5.726395174860954285e-02
2.523358464241027832e-01 2.303141206502914429e-01 -1.053350642323493958e-01 -8.447115123271942139e-02 9.782770276069641113e-02 2.270025461912155151e-01 -2.486668378114700317e-01 2.300075739622116089e-01 -2.191827446222305298e-02 -3.214252293109893799e-01
-2.587490379810333252e-01 1.041326019912958145e-02 -1.091678366065025330e-01 5.682200659066438675e-03 -1.764955222606658936e-01 1.550835072994232178e-01 -1.849330514669418335e-01 -8.356114476919174194e-02 2.064007334411144257e-02 -1.842013150453567505e-01
-1.463775932788848877e-01 3.638297319412231445e-02 2.976980805397033691e-01 -2.806825637817382812e-01 1.173799410462379456e-01 -2.563802599906921387e-01 -2.069117426872253418e-01 1.689411252737045288e-01 -1.554409861564636230e-01 -1.750179678201675415e-01
2.223759442567825317e-01 -1.184352710843086243e-01 3.112233579158782959e-01 -2.773800790309906006e-01 -1.530749071389436722e-02 2.560874819755554199e-01 2.626707255840301514e-01 1.790533214807510376e-01 -1.906087994575500488e-01 -1.581290513277053833e-01
2.380921542644500732e-01 -2.414674758911132812e-01 -1.362275630235671997e-01 -9.954590350389480591e-02 -2.250103354454040527e-01 1.855921894311904907e-01 -6.752096116542816162e-02 -2.157197445631027222e-01 -5.678049102425575256e-02 1.659878194332122803e-01
-1.759830266237258911e-01 2.389359027147293091e-01 2.703037261962890625e-01 -2.339106947183609009e-01 3.021256327629089355e-01 2.831888794898986816e-01 -2.754409015178680420e-01 -2.474908232688903809e-01 1.954962611198425293e-01 -3.303308784961700439e-01
-7.070522755384445190e-02 2.963100075721740723e-01 -1.502041518688201904e-01 5.292736366391181946e-02 1.730095781385898590e-02 -5.997981131076812744e-02 1.188591644167900085e-01 2.557441294193267822e-01 -2.665533721446990967e-01 2.700063586235046387e-01
-4.658486694097518921e-02 -1.523860245943069458e-01 1.393341571092605591e-01 -1.567223072052001953e-01 9.355328977108001709e-02 -1.557772755622863770e-01 2.807380631566047668e-02 3.309092521667480469e-01 1.573735028505325317e-01 -2.117297202348709106e-01
-8.446393162012100220e-02 4.878573864698410034e-02 1.576814651489257812e-01 -2.738364338874816895e-01 -1.640715301036834717e-01 2.882820963859558105e-01 -1.674906164407730103e-02 -1.340232938528060913e-01 2.413679212331771851e-01 3.070994913578033447e-01
1.980616748332977295e-01 -1.214012131094932556e-01 2.327536344528198242e-01 -1.253033131361007690e-01 -5.394873395562171936e-02 2.643975317478179932e-01 4.315098375082015991e-02 1.081510558724403381e-01 -2.793689668178558350e-01 -1.808828413486480713e-01
-2.715963125228881836e-01 -1.837921738624572754e-01 1.714330315589904785e-01 8.405320346355438232e-02 -1.469687968492507935e-01 -2.821068651974201202e-02 -1.751610338687896729e-01 8.819433301687240601e-02 1.722072958946228027e-01 -1.839916110038757324e-01
-1.376665234565734863e-01 2.587376236915588379e-01 -1.255522221326828003e-01 -3.229452669620513916e-02 2.810315787792205811e-01 -9.446204453706741333e-02 -2.855038046836853027e-01 3.557927310466766357e-01 -2.931431233882904053e-01 -7.672692835330963135e-02
1.214633211493492126e-01 -1.057636290788650513e-01 2.327373325824737549e-01 -2.530310153961181641e-01 -1.456985622644424438e-01 -6.499262060970067978e-03 -7.997690886259078979e-02 1.854554750025272369e-02 2.347811460494995117e-01 4.282481968402862549e-02
2.757831215858459473e-01 6.000423431396484375e-02 2.789915800094604492e-01 -5.830723326653242111e-03 1.372037678956985474e-01 2.119728028774261475e-01 9.741791337728500366e-02 1.714973151683807373e-01 -2.058729156851768494e-02 3.412533923983573914e-02
2.132025212049484253e-01 1.290393173694610596e-01 3.083282113075256348e-01 -1.355988085269927979e-01 -2.609917819499969482e-01 -7.618501037359237671e-02 -3.608135133981704712e-02 1.545150876045227051e-01 -1.063059922307729721e-02 1.450533717870712280e-01
1.249065473675727844e-01 1.733955144882202148e-01 2.163408994674682617e-01 2.100099176168441772e-01 -3.665019199252128601e-02 1.320771127939224243e-01 2.925645411014556885e-01 -3.527382612228393555e-01 -1.694016456604003906e-01 8.901699632406234741e-02
-3.087942302227020264e-01 -2.810358703136444092e-01 -9.285034239292144775e-02 6.466612964868545532e-02 -1.408897936344146729e-01 -1.082067415118217468e-01 2.953866422176361084e-01 -8.218729496002197266e-02 7.913582772016525269e-02 1.514413356781005859e-01
-2.624522149562835693e-01 1.811342090368270874e-01 -2.250376529991626740e-02 -3.080839514732360840e-01 2.917206659913063049e-02 -4.019919410347938538e-02 -2.817966341972351074e-01 2.234301157295703888e-02 -4.206968471407890320e-02 -6.622767448425292969e-02
1.498648896813392639e-02 8.197148330509662628e-03 -1.972200870513916016e-01 -1.927199065685272217e-01 -1.294012069702148438e-01 1.279693990945816040e-01 -7.227998971939086914e-02 -2.325711548328399658e-01 8.094070106744766235e-02 -8.203493058681488037e-02
1.128492355346679688e-01 -6.781182438135147095e-02 2.581005692481994629e-01 -3.837286680936813354e-02 7.327639311552047729e-02 1.586386710405349731e-01 -2.268436253070831299e-01 -2.161257266998291016e-01 -9.886696934700012207e-03 3.094649314880371094e-01
7.130961865186691284e-02 -1.314734369516372681e-01 -2.902185916900634766e-01 7.260536402463912964e-02 1.667002290487289429e-01 1.312154382467269897e-01 -8.301004767417907715e-02 3.593061864376068115e-01 1.720507279969751835e-03 2.645498216152191162e-01
-3.099666908383369446e-02 -1.445366740226745605e-01 8.652782998979091644e-03 -2.280495315790176392e-01 -9.300310164690017700e-02 2.997675240039825439e-01 6.096717342734336853e-02 2.124737948179244995e-01 -2.695600986480712891e-01 -2.523404061794281006e-01
